,id_s,id_d,distance
0,130946.0,130946.0,0.0
1,130946.0,256270.0,0.0
2,130946.0,130947.0,0.0
3,130946.0,177874.0,0.0
4,130946.0,177037.0,0.0
5,130946.0,129738.0,0.07919184333679853
6,130946.0,254328.0,0.0
7,130946.0,226986.0,0.1751977028918696
8,130946.0,227311.0,0.0
9,130946.0,179674.0,0.0
10,130946.0,179528.0,0.0
11,130946.0,227287.0,0.0
12,256270.0,130946.0,0.0
13,256270.0,256270.0,0.0
14,256270.0,130947.0,0.0
15,256270.0,177874.0,0.0
16,256270.0,177037.0,0.0
17,256270.0,129738.0,0.07706358910862335
18,256270.0,254328.0,0.0
19,256270.0,226986.0,0.17682887849736037
20,256270.0,227311.0,0.0
21,256270.0,179674.0,0.0
22,256270.0,179528.0,0.0
23,256270.0,227287.0,0.0
24,130947.0,130946.0,0.0
25,130947.0,256270.0,0.0
26,130947.0,130947.0,0.0
27,130947.0,177874.0,0.0
28,130947.0,177037.0,0.0
29,130947.0,129738.0,0.07433854189579868
30,130947.0,254328.0,0.0
31,130947.0,226986.0,0.17502733782345778
32,130947.0,227311.0,0.0
33,130947.0,179674.0,0.0
34,130947.0,179528.0,0.0
35,130947.0,227287.0,0.0
36,177874.0,130946.0,0.0
37,177874.0,256270.0,0.0
38,177874.0,130947.0,0.0
39,177874.0,177874.0,0.0
40,177874.0,177037.0,0.0
41,177874.0,129738.0,0.07433854189579868
42,177874.0,254328.0,0.0
43,177874.0,226986.0,0.17502733782345778
44,177874.0,227311.0,0.0
45,177874.0,179674.0,0.0
46,177874.0,179528.0,0.0
47,177874.0,227287.0,0.0
48,177037.0,130946.0,0.0
49,177037.0,256270.0,0.0
50,177037.0,130947.0,0.0
51,177037.0,177874.0,0.0
52,177037.0,177037.0,0.0
53,177037.0,129738.0,0.0735528744663338
54,177037.0,254328.0,0.0
55,177037.0,226986.0,0.18297643868756447
56,177037.0,227311.0,0.0
57,177037.0,179674.0,0.0
58,177037.0,179528.0,0.0
59,177037.0,227287.0,0.0
60,129738.0,130946.0,0.07919184333679853
61,129738.0,256270.0,0.07706358910862335
62,129738.0,130947.0,0.07433854189579868
63,129738.0,177874.0,0.07433854189579868
64,129738.0,177037.0,0.0735528744663338
65,129738.0,129738.0,0.0
66,129738.0,254328.0,0.07399191213008385
67,129738.0,226986.0,0.1414544368529847
68,129738.0,227311.0,0.09546827512872906
69,129738.0,179674.0,0.09028852542349329
70,129738.0,179528.0,0.09028852542349329
71,129738.0,227287.0,0.08875295124794941
72,254328.0,130946.0,0.0
73,254328.0,256270.0,0.0
74,254328.0,130947.0,0.0
75,254328.0,177874.0,0.0
76,254328.0,177037.0,0.0
77,254328.0,129738.0,0.07399191213008385
78,254328.0,254328.0,0.0
79,254328.0,226986.0,0.1996812323142564
80,254328.0,227311.0,0.05694489257589407
81,254328.0,179674.0,0.05241751793608572
82,254328.0,179528.0,0.05241751793608572
83,254328.0,227287.0,0.0
84,226986.0,130946.0,0.1751977028918696
85,226986.0,256270.0,0.17682887849736037
86,226986.0,130947.0,0.17502733782345778
87,226986.0,177874.0,0.17502733782345778
88,226986.0,177037.0,0.18297643868756447
89,226986.0,129738.0,0.1414544368529847
90,226986.0,254328.0,0.1996812323142564
91,226986.0,226986.0,0.0
92,226986.0,227311.0,0.1798472666895472
93,226986.0,179674.0,0.17800815392272237
94,226986.0,179528.0,0.17800815392272237
95,226986.0,227287.0,0.17954842019718895
96,227311.0,130946.0,0.0
97,227311.0,256270.0,0.0
98,227311.0,130947.0,0.0
99,227311.0,177874.0,0.0
100,227311.0,177037.0,0.0
101,227311.0,129738.0,0.09546827512872906
102,227311.0,254328.0,0.05694489257589407
103,227311.0,226986.0,0.1798472666895472
104,227311.0,227311.0,0.0
105,227311.0,179674.0,0.0
106,227311.0,179528.0,0.0
107,227311.0,227287.0,0.0
108,179674.0,130946.0,0.0
109,179674.0,256270.0,0.0
110,179674.0,130947.0,0.0
111,179674.0,177874.0,0.0
112,179674.0,177037.0,0.0
113,179674.0,129738.0,0.09028852542349329
114,179674.0,254328.0,0.05241751793608572
115,179674.0,226986.0,0.17800815392272237
116,179674.0,227311.0,0.0
117,179674.0,179674.0,0.0
118,179674.0,179528.0,0.0
119,179674.0,227287.0,0.0
120,179528.0,130946.0,0.0
121,179528.0,256270.0,0.0
122,179528.0,130947.0,0.0
123,179528.0,177874.0,0.0
124,179528.0,177037.0,0.0
125,179528.0,129738.0,0.09028852542349329
126,179528.0,254328.0,0.05241751793608572
127,179528.0,226986.0,0.17800815392272237
128,179528.0,227311.0,0.0
129,179528.0,179674.0,0.0
130,179528.0,179528.0,0.0
131,179528.0,227287.0,0.0
132,227287.0,130946.0,0.0
133,227287.0,256270.0,0.0
134,227287.0,130947.0,0.0
135,227287.0,177874.0,0.0
136,227287.0,177037.0,0.0
137,227287.0,129738.0,0.08875295124794941
138,227287.0,254328.0,0.0
139,227287.0,226986.0,0.17954842019718895
140,227287.0,227311.0,0.0
141,227287.0,179674.0,0.0
142,227287.0,179528.0,0.0
143,227287.0,227287.0,0.0
144,225509.0,225509.0,0.0
145,225509.0,221834.0,0.0
146,225509.0,221835.0,0.0
147,225509.0,221837.0,0.0
148,225509.0,226956.0,0.0
149,225509.0,227346.0,0.0
150,225509.0,221838.0,0.0
151,225509.0,225510.0,0.0
152,225509.0,225511.0,0.0
153,225509.0,255827.0,0.0
154,225509.0,221397.0,0.0
155,225509.0,225512.0,0.0
156,225509.0,225513.0,0.0
157,225509.0,221398.0,0.0
158,225509.0,257329.0,0.0
159,225509.0,221842.0,0.0
160,225509.0,221843.0,0.0
161,225509.0,221844.0,0.0
162,225509.0,254359.0,0.0
163,225509.0,221845.0,0.0
164,225509.0,221846.0,0.0
165,225509.0,255115.0,0.0
166,225509.0,255116.0,0.0
167,225509.0,221847.0,0.0
168,225509.0,221849.0,0.0
169,225509.0,221851.0,0.0
170,225509.0,254879.0,0.0
171,225509.0,221853.0,0.0
172,225509.0,221854.0,0.0
173,225509.0,221856.0,0.0
174,225509.0,222994.0,0.0
175,225509.0,259486.0,0.0
176,225509.0,225515.0,0.0
177,225509.0,258174.0,0.0
178,225509.0,258175.0,0.0
179,225509.0,225152.0,0.0
180,225509.0,257330.0,0.0
181,225509.0,228324.0,0.0
182,225509.0,227621.0,0.0
183,225509.0,222995.0,0.0
184,225509.0,222996.0,0.0
185,225509.0,228129.0,0.0
186,225509.0,222997.0,0.0
187,225509.0,223000.0,0.0
188,225509.0,221862.0,0.0
189,225509.0,226742.0,0.0
190,225509.0,222999.0,0.0
191,225509.0,226744.0,0.0
192,225509.0,226745.0,0.0
193,225509.0,221865.0,0.0
194,225509.0,221866.0,0.0
195,225509.0,227348.0,0.0
196,225509.0,255319.0,0.0
197,225509.0,255294.0,0.0
198,225509.0,255320.0,0.0
199,225509.0,221872.0,0.0
200,225509.0,221873.0,0.0
201,225509.0,223002.0,0.0
202,225509.0,225154.0,0.0
203,225509.0,223004.0,0.0
204,225509.0,257413.0,0.0
205,225509.0,221874.0,0.0
206,225509.0,223005.0,0.0
207,225509.0,227878.0,0.0
208,225509.0,223006.0,0.0
209,225509.0,223007.0,0.0
210,225509.0,221875.0,0.0
211,225509.0,227069.0,0.0
212,225509.0,223008.0,0.0
213,225509.0,221876.0,0.0
214,225509.0,223009.0,0.0
215,225509.0,221877.0,0.0
216,225509.0,223010.0,0.0
217,221834.0,225509.0,0.0
218,221834.0,221834.0,0.0
219,221834.0,221835.0,0.0
220,221834.0,221837.0,0.0
221,221834.0,226956.0,0.0
222,221834.0,227346.0,0.0
223,221834.0,221838.0,0.0
224,221834.0,225510.0,0.0
225,221834.0,225511.0,0.0
226,221834.0,255827.0,0.0
227,221834.0,221397.0,0.0
228,221834.0,225512.0,0.0
229,221834.0,225513.0,0.0
230,221834.0,221398.0,0.0
231,221834.0,257329.0,0.0
232,221834.0,221842.0,0.0
233,221834.0,221843.0,0.0
234,221834.0,221844.0,0.0
235,221834.0,254359.0,0.0
236,221834.0,221845.0,0.0
237,221834.0,221846.0,0.0
238,221834.0,255115.0,0.0
239,221834.0,255116.0,0.0
240,221834.0,221847.0,0.0
241,221834.0,221849.0,0.0
242,221834.0,221851.0,0.0
243,221834.0,254879.0,0.0
244,221834.0,221853.0,0.0
245,221834.0,221854.0,0.0
246,221834.0,221856.0,0.0
247,221834.0,222994.0,0.0
248,221834.0,259486.0,0.0
249,221834.0,225515.0,0.0
250,221834.0,258174.0,0.0
251,221834.0,258175.0,0.0
252,221834.0,225152.0,0.0
253,221834.0,257330.0,0.0
254,221834.0,228324.0,0.0
255,221834.0,227621.0,0.0
256,221834.0,222995.0,0.0
257,221834.0,222996.0,0.0
258,221834.0,228129.0,0.0
259,221834.0,222997.0,0.0
260,221834.0,223000.0,0.0
261,221834.0,221862.0,0.0
262,221834.0,226742.0,0.0
263,221834.0,222999.0,0.0
264,221834.0,226744.0,0.0
265,221834.0,226745.0,0.0
266,221834.0,221865.0,0.0
267,221834.0,221866.0,0.0
268,221834.0,227348.0,0.0
269,221834.0,255319.0,0.0
270,221834.0,255294.0,0.0
271,221834.0,255320.0,0.0
272,221834.0,221872.0,0.0
273,221834.0,221873.0,0.0
274,221834.0,223002.0,0.0
275,221834.0,225154.0,0.0
276,221834.0,223004.0,0.0
277,221834.0,257413.0,0.0
278,221834.0,221874.0,0.0
279,221834.0,223005.0,0.0
280,221834.0,227878.0,0.0
281,221834.0,223006.0,0.0
282,221834.0,223007.0,0.0
283,221834.0,221875.0,0.0
284,221834.0,227069.0,0.0
285,221834.0,223008.0,0.0
286,221834.0,221876.0,0.0
287,221834.0,223009.0,0.0
288,221834.0,221877.0,0.0
289,221834.0,223010.0,0.0
290,221835.0,225509.0,0.0
291,221835.0,221834.0,0.0
292,221835.0,221835.0,0.0
293,221835.0,221837.0,0.0
294,221835.0,226956.0,0.0
295,221835.0,227346.0,0.0
296,221835.0,221838.0,0.0
297,221835.0,225510.0,0.0
298,221835.0,225511.0,0.0
299,221835.0,255827.0,0.0
300,221835.0,221397.0,0.0
301,221835.0,225512.0,0.0
302,221835.0,225513.0,0.0
303,221835.0,221398.0,0.0
304,221835.0,257329.0,0.0
305,221835.0,221842.0,0.0
306,221835.0,221843.0,0.0
307,221835.0,221844.0,0.0
308,221835.0,254359.0,0.0
309,221835.0,221845.0,0.0
310,221835.0,221846.0,0.0
311,221835.0,255115.0,0.0
312,221835.0,255116.0,0.0
313,221835.0,221847.0,0.0
314,221835.0,221849.0,0.0
315,221835.0,221851.0,0.0
316,221835.0,254879.0,0.0
317,221835.0,221853.0,0.0
318,221835.0,221854.0,0.0
319,221835.0,221856.0,0.0
320,221835.0,222994.0,0.0
321,221835.0,259486.0,0.0
322,221835.0,225515.0,0.0
323,221835.0,258174.0,0.0
324,221835.0,258175.0,0.0
325,221835.0,225152.0,0.0
326,221835.0,257330.0,0.0
327,221835.0,228324.0,0.0
328,221835.0,227621.0,0.0
329,221835.0,222995.0,0.0
330,221835.0,222996.0,0.0
331,221835.0,228129.0,0.0
332,221835.0,222997.0,0.0
333,221835.0,223000.0,0.0
334,221835.0,221862.0,0.0
335,221835.0,226742.0,0.0
336,221835.0,222999.0,0.0
337,221835.0,226744.0,0.0
338,221835.0,226745.0,0.0
339,221835.0,221865.0,0.0
340,221835.0,221866.0,0.0
341,221835.0,227348.0,0.0
342,221835.0,255319.0,0.0
343,221835.0,255294.0,0.0
344,221835.0,255320.0,0.0
345,221835.0,221872.0,0.0
346,221835.0,221873.0,0.0
347,221835.0,223002.0,0.0
348,221835.0,225154.0,0.0
349,221835.0,223004.0,0.0
350,221835.0,257413.0,0.0
351,221835.0,221874.0,0.0
352,221835.0,223005.0,0.0
353,221835.0,227878.0,0.0
354,221835.0,223006.0,0.0
355,221835.0,223007.0,0.0
356,221835.0,221875.0,0.0
357,221835.0,227069.0,0.0
358,221835.0,223008.0,0.0
359,221835.0,221876.0,0.0
360,221835.0,223009.0,0.0
361,221835.0,221877.0,0.0
362,221835.0,223010.0,0.0
363,221837.0,225509.0,0.0
364,221837.0,221834.0,0.0
365,221837.0,221835.0,0.0
366,221837.0,221837.0,0.0
367,221837.0,226956.0,0.0
368,221837.0,227346.0,0.0
369,221837.0,221838.0,0.0
370,221837.0,225510.0,0.0
371,221837.0,225511.0,0.0
372,221837.0,255827.0,0.0
373,221837.0,221397.0,0.0
374,221837.0,225512.0,0.0
375,221837.0,225513.0,0.0
376,221837.0,221398.0,0.0
377,221837.0,257329.0,0.0
378,221837.0,221842.0,0.0
379,221837.0,221843.0,0.0
380,221837.0,221844.0,0.0
381,221837.0,254359.0,0.0
382,221837.0,221845.0,0.0
383,221837.0,221846.0,0.0
384,221837.0,255115.0,0.0
385,221837.0,255116.0,0.0
386,221837.0,221847.0,0.0
387,221837.0,221849.0,0.0
388,221837.0,221851.0,0.0
389,221837.0,254879.0,0.0
390,221837.0,221853.0,0.0
391,221837.0,221854.0,0.0
392,221837.0,221856.0,0.0
393,221837.0,222994.0,0.0
394,221837.0,259486.0,0.0
395,221837.0,225515.0,0.0
396,221837.0,258174.0,0.0
397,221837.0,258175.0,0.0
398,221837.0,225152.0,0.0
399,221837.0,257330.0,0.0
400,221837.0,228324.0,0.0
401,221837.0,227621.0,0.0
402,221837.0,222995.0,0.0
403,221837.0,222996.0,0.0
404,221837.0,228129.0,0.0
405,221837.0,222997.0,0.0
406,221837.0,223000.0,0.0
407,221837.0,221862.0,0.0
408,221837.0,226742.0,0.0
409,221837.0,222999.0,0.0
410,221837.0,226744.0,0.0
411,221837.0,226745.0,0.0
412,221837.0,221865.0,0.0
413,221837.0,221866.0,0.0
414,221837.0,227348.0,0.0
415,221837.0,255319.0,0.0
416,221837.0,255294.0,0.0
417,221837.0,255320.0,0.0
418,221837.0,221872.0,0.0
419,221837.0,221873.0,0.0
420,221837.0,223002.0,0.0
421,221837.0,225154.0,0.0
422,221837.0,223004.0,0.0
423,221837.0,257413.0,0.0
424,221837.0,221874.0,0.0
425,221837.0,223005.0,0.0
426,221837.0,227878.0,0.0
427,221837.0,223006.0,0.0
428,221837.0,223007.0,0.0
429,221837.0,221875.0,0.0
430,221837.0,227069.0,0.0
431,221837.0,223008.0,0.0
432,221837.0,221876.0,0.0
433,221837.0,223009.0,0.0
434,221837.0,221877.0,0.0
435,221837.0,223010.0,0.0
436,226956.0,225509.0,0.0
437,226956.0,221834.0,0.0
438,226956.0,221835.0,0.0
439,226956.0,221837.0,0.0
440,226956.0,226956.0,0.0
441,226956.0,227346.0,0.0
442,226956.0,221838.0,0.0
443,226956.0,225510.0,0.0
444,226956.0,225511.0,0.0
445,226956.0,255827.0,0.0
446,226956.0,221397.0,0.0
447,226956.0,225512.0,0.0
448,226956.0,225513.0,0.0
449,226956.0,221398.0,0.0
450,226956.0,257329.0,0.0
451,226956.0,221842.0,0.0
452,226956.0,221843.0,0.0
453,226956.0,221844.0,0.0
454,226956.0,254359.0,0.0
455,226956.0,221845.0,0.0
456,226956.0,221846.0,0.0
457,226956.0,255115.0,0.0
458,226956.0,255116.0,0.0
459,226956.0,221847.0,0.0
460,226956.0,221849.0,0.0
461,226956.0,221851.0,0.0
462,226956.0,254879.0,0.0
463,226956.0,221853.0,0.0
464,226956.0,221854.0,0.0
465,226956.0,221856.0,0.0
466,226956.0,222994.0,0.0
467,226956.0,259486.0,0.0
468,226956.0,225515.0,0.0
469,226956.0,258174.0,0.0
470,226956.0,258175.0,0.0
471,226956.0,225152.0,0.0
472,226956.0,257330.0,0.0
473,226956.0,228324.0,0.0
474,226956.0,227621.0,0.0
475,226956.0,222995.0,0.0
476,226956.0,222996.0,0.0
477,226956.0,228129.0,0.0
478,226956.0,222997.0,0.0
479,226956.0,223000.0,0.0
480,226956.0,221862.0,0.0
481,226956.0,226742.0,0.0
482,226956.0,222999.0,0.0
483,226956.0,226744.0,0.0
484,226956.0,226745.0,0.0
485,226956.0,221865.0,0.0
486,226956.0,221866.0,0.0
487,226956.0,227348.0,0.0
488,226956.0,255319.0,0.0
489,226956.0,255294.0,0.0
490,226956.0,255320.0,0.0
491,226956.0,221872.0,0.0
492,226956.0,221873.0,0.0
493,226956.0,223002.0,0.0
494,226956.0,225154.0,0.0
495,226956.0,223004.0,0.0
496,226956.0,257413.0,0.0
497,226956.0,221874.0,0.0
498,226956.0,223005.0,0.0
499,226956.0,227878.0,0.0
500,226956.0,223006.0,0.0
501,226956.0,223007.0,0.0
502,226956.0,221875.0,0.0
503,226956.0,227069.0,0.0
504,226956.0,223008.0,0.0
505,226956.0,221876.0,0.0
506,226956.0,223009.0,0.0
507,226956.0,221877.0,0.0
508,226956.0,223010.0,0.0
509,227346.0,225509.0,0.0
510,227346.0,221834.0,0.0
511,227346.0,221835.0,0.0
512,227346.0,221837.0,0.0
513,227346.0,226956.0,0.0
514,227346.0,227346.0,0.0
515,227346.0,221838.0,0.0
516,227346.0,225510.0,0.0
517,227346.0,225511.0,0.0
518,227346.0,255827.0,0.0
519,227346.0,221397.0,0.0
520,227346.0,225512.0,0.0
521,227346.0,225513.0,0.0
522,227346.0,221398.0,0.0
523,227346.0,257329.0,0.0
524,227346.0,221842.0,0.0
525,227346.0,221843.0,0.0
526,227346.0,221844.0,0.0
527,227346.0,254359.0,0.0
528,227346.0,221845.0,0.0
529,227346.0,221846.0,0.0
530,227346.0,255115.0,0.0
531,227346.0,255116.0,0.0
532,227346.0,221847.0,0.0
533,227346.0,221849.0,0.0
534,227346.0,221851.0,0.0
535,227346.0,254879.0,0.0
536,227346.0,221853.0,0.0
537,227346.0,221854.0,0.0
538,227346.0,221856.0,0.0
539,227346.0,222994.0,0.0
540,227346.0,259486.0,0.0
541,227346.0,225515.0,0.0
542,227346.0,258174.0,0.0
543,227346.0,258175.0,0.0
544,227346.0,225152.0,0.0
545,227346.0,257330.0,0.0
546,227346.0,228324.0,0.0
547,227346.0,227621.0,0.0
548,227346.0,222995.0,0.0
549,227346.0,222996.0,0.0
550,227346.0,228129.0,0.0
551,227346.0,222997.0,0.0
552,227346.0,223000.0,0.0
553,227346.0,221862.0,0.0
554,227346.0,226742.0,0.0
555,227346.0,222999.0,0.0
556,227346.0,226744.0,0.0
557,227346.0,226745.0,0.0
558,227346.0,221865.0,0.0
559,227346.0,221866.0,0.0
560,227346.0,227348.0,0.0
561,227346.0,255319.0,0.0
562,227346.0,255294.0,0.0
563,227346.0,255320.0,0.0
564,227346.0,221872.0,0.0
565,227346.0,221873.0,0.0
566,227346.0,223002.0,0.0
567,227346.0,225154.0,0.0
568,227346.0,223004.0,0.0
569,227346.0,257413.0,0.0
570,227346.0,221874.0,0.0
571,227346.0,223005.0,0.0
572,227346.0,227878.0,0.0
573,227346.0,223006.0,0.0
574,227346.0,223007.0,0.0
575,227346.0,221875.0,0.0
576,227346.0,227069.0,0.0
577,227346.0,223008.0,0.0
578,227346.0,221876.0,0.0
579,227346.0,223009.0,0.0
580,227346.0,221877.0,0.0
581,227346.0,223010.0,0.0
582,221838.0,225509.0,0.0
583,221838.0,221834.0,0.0
584,221838.0,221835.0,0.0
585,221838.0,221837.0,0.0
586,221838.0,226956.0,0.0
587,221838.0,227346.0,0.0
588,221838.0,221838.0,0.0
589,221838.0,225510.0,0.0
590,221838.0,225511.0,0.0
591,221838.0,255827.0,0.0
592,221838.0,221397.0,0.0
593,221838.0,225512.0,0.0
594,221838.0,225513.0,0.0
595,221838.0,221398.0,0.0
596,221838.0,257329.0,0.0
597,221838.0,221842.0,0.0
598,221838.0,221843.0,0.0
599,221838.0,221844.0,0.0
600,221838.0,254359.0,0.0
601,221838.0,221845.0,0.0
602,221838.0,221846.0,0.0
603,221838.0,255115.0,0.0
604,221838.0,255116.0,0.0
605,221838.0,221847.0,0.0
606,221838.0,221849.0,0.0
607,221838.0,221851.0,0.0
608,221838.0,254879.0,0.0
609,221838.0,221853.0,0.0
610,221838.0,221854.0,0.0
611,221838.0,221856.0,0.0
612,221838.0,222994.0,0.0
613,221838.0,259486.0,0.0
614,221838.0,225515.0,0.0
615,221838.0,258174.0,0.0
616,221838.0,258175.0,0.0
617,221838.0,225152.0,0.0
618,221838.0,257330.0,0.0
619,221838.0,228324.0,0.0
620,221838.0,227621.0,0.0
621,221838.0,222995.0,0.0
622,221838.0,222996.0,0.0
623,221838.0,228129.0,0.0
624,221838.0,222997.0,0.0
625,221838.0,223000.0,0.0
626,221838.0,221862.0,0.0
627,221838.0,226742.0,0.0
628,221838.0,222999.0,0.0
629,221838.0,226744.0,0.0
630,221838.0,226745.0,0.0
631,221838.0,221865.0,0.0
632,221838.0,221866.0,0.0
633,221838.0,227348.0,0.0
634,221838.0,255319.0,0.0
635,221838.0,255294.0,0.0
636,221838.0,255320.0,0.0
637,221838.0,221872.0,0.0
638,221838.0,221873.0,0.0
639,221838.0,223002.0,0.0
640,221838.0,225154.0,0.0
641,221838.0,223004.0,0.0
642,221838.0,257413.0,0.0
643,221838.0,221874.0,0.0
644,221838.0,223005.0,0.0
645,221838.0,227878.0,0.0
646,221838.0,223006.0,0.0
647,221838.0,223007.0,0.0
648,221838.0,221875.0,0.0
649,221838.0,227069.0,0.0
650,221838.0,223008.0,0.0
651,221838.0,221876.0,0.0
652,221838.0,223009.0,0.0
653,221838.0,221877.0,0.0
654,221838.0,223010.0,0.0
655,225510.0,225509.0,0.0
656,225510.0,221834.0,0.0
657,225510.0,221835.0,0.0
658,225510.0,221837.0,0.0
659,225510.0,226956.0,0.0
660,225510.0,227346.0,0.0
661,225510.0,221838.0,0.0
662,225510.0,225510.0,0.0
663,225510.0,225511.0,0.0
664,225510.0,255827.0,0.0
665,225510.0,221397.0,0.0
666,225510.0,225512.0,0.0
667,225510.0,225513.0,0.0
668,225510.0,221398.0,0.0
669,225510.0,257329.0,0.0
670,225510.0,221842.0,0.0
671,225510.0,221843.0,0.0
672,225510.0,221844.0,0.0
673,225510.0,254359.0,0.0
674,225510.0,221845.0,0.0
675,225510.0,221846.0,0.0
676,225510.0,255115.0,0.0
677,225510.0,255116.0,0.0
678,225510.0,221847.0,0.0
679,225510.0,221849.0,0.0
680,225510.0,221851.0,0.0
681,225510.0,254879.0,0.0
682,225510.0,221853.0,0.0
683,225510.0,221854.0,0.0
684,225510.0,221856.0,0.0
685,225510.0,222994.0,0.0
686,225510.0,259486.0,0.0
687,225510.0,225515.0,0.0
688,225510.0,258174.0,0.0
689,225510.0,258175.0,0.0
690,225510.0,225152.0,0.0
691,225510.0,257330.0,0.0
692,225510.0,228324.0,0.0
693,225510.0,227621.0,0.0
694,225510.0,222995.0,0.0
695,225510.0,222996.0,0.0
696,225510.0,228129.0,0.0
697,225510.0,222997.0,0.0
698,225510.0,223000.0,0.0
699,225510.0,221862.0,0.0
700,225510.0,226742.0,0.0
701,225510.0,222999.0,0.0
702,225510.0,226744.0,0.0
703,225510.0,226745.0,0.0
704,225510.0,221865.0,0.0
705,225510.0,221866.0,0.0
706,225510.0,227348.0,0.0
707,225510.0,255319.0,0.0
708,225510.0,255294.0,0.0
709,225510.0,255320.0,0.0
710,225510.0,221872.0,0.0
711,225510.0,221873.0,0.0
712,225510.0,223002.0,0.0
713,225510.0,225154.0,0.0
714,225510.0,223004.0,0.0
715,225510.0,257413.0,0.0
716,225510.0,221874.0,0.0
717,225510.0,223005.0,0.0
718,225510.0,227878.0,0.0
719,225510.0,223006.0,0.0
720,225510.0,223007.0,0.0
721,225510.0,221875.0,0.0
722,225510.0,227069.0,0.0
723,225510.0,223008.0,0.0
724,225510.0,221876.0,0.0
725,225510.0,223009.0,0.0
726,225510.0,221877.0,0.0
727,225510.0,223010.0,0.0
728,225511.0,225509.0,0.0
729,225511.0,221834.0,0.0
730,225511.0,221835.0,0.0
731,225511.0,221837.0,0.0
732,225511.0,226956.0,0.0
733,225511.0,227346.0,0.0
734,225511.0,221838.0,0.0
735,225511.0,225510.0,0.0
736,225511.0,225511.0,0.0
737,225511.0,255827.0,0.0
738,225511.0,221397.0,0.0
739,225511.0,225512.0,0.0
740,225511.0,225513.0,0.0
741,225511.0,221398.0,0.0
742,225511.0,257329.0,0.0
743,225511.0,221842.0,0.0
744,225511.0,221843.0,0.0
745,225511.0,221844.0,0.0
746,225511.0,254359.0,0.0
747,225511.0,221845.0,0.0
748,225511.0,221846.0,0.0
749,225511.0,255115.0,0.0
750,225511.0,255116.0,0.0
751,225511.0,221847.0,0.0
752,225511.0,221849.0,0.0
753,225511.0,221851.0,0.0
754,225511.0,254879.0,0.0
755,225511.0,221853.0,0.0
756,225511.0,221854.0,0.0
757,225511.0,221856.0,0.0
758,225511.0,222994.0,0.0
759,225511.0,259486.0,0.0
760,225511.0,225515.0,0.0
761,225511.0,258174.0,0.0
762,225511.0,258175.0,0.0
763,225511.0,225152.0,0.0
764,225511.0,257330.0,0.0
765,225511.0,228324.0,0.0
766,225511.0,227621.0,0.0
767,225511.0,222995.0,0.0
768,225511.0,222996.0,0.0
769,225511.0,228129.0,0.0
770,225511.0,222997.0,0.0
771,225511.0,223000.0,0.0
772,225511.0,221862.0,0.0
773,225511.0,226742.0,0.0
774,225511.0,222999.0,0.0
775,225511.0,226744.0,0.0
776,225511.0,226745.0,0.0
777,225511.0,221865.0,0.0
778,225511.0,221866.0,0.0
779,225511.0,227348.0,0.0
780,225511.0,255319.0,0.0
781,225511.0,255294.0,0.0
782,225511.0,255320.0,0.0
783,225511.0,221872.0,0.0
784,225511.0,221873.0,0.0
785,225511.0,223002.0,0.0
786,225511.0,225154.0,0.0
787,225511.0,223004.0,0.0
788,225511.0,257413.0,0.0
789,225511.0,221874.0,0.0
790,225511.0,223005.0,0.0
791,225511.0,227878.0,0.0
792,225511.0,223006.0,0.0
793,225511.0,223007.0,0.0
794,225511.0,221875.0,0.0
795,225511.0,227069.0,0.0
796,225511.0,223008.0,0.0
797,225511.0,221876.0,0.0
798,225511.0,223009.0,0.0
799,225511.0,221877.0,0.0
800,225511.0,223010.0,0.0
801,255827.0,225509.0,0.0
802,255827.0,221834.0,0.0
803,255827.0,221835.0,0.0
804,255827.0,221837.0,0.0
805,255827.0,226956.0,0.0
806,255827.0,227346.0,0.0
807,255827.0,221838.0,0.0
808,255827.0,225510.0,0.0
809,255827.0,225511.0,0.0
810,255827.0,255827.0,0.0
811,255827.0,221397.0,0.0
812,255827.0,225512.0,0.0
813,255827.0,225513.0,0.0
814,255827.0,221398.0,0.0
815,255827.0,257329.0,0.0
816,255827.0,221842.0,0.0
817,255827.0,221843.0,0.0
818,255827.0,221844.0,0.0
819,255827.0,254359.0,0.0
820,255827.0,221845.0,0.0
821,255827.0,221846.0,0.0
822,255827.0,255115.0,0.0
823,255827.0,255116.0,0.0
824,255827.0,221847.0,0.0
825,255827.0,221849.0,0.0
826,255827.0,221851.0,0.0
827,255827.0,254879.0,0.0
828,255827.0,221853.0,0.0
829,255827.0,221854.0,0.0
830,255827.0,221856.0,0.0
831,255827.0,222994.0,0.0
832,255827.0,259486.0,0.0
833,255827.0,225515.0,0.0
834,255827.0,258174.0,0.0
835,255827.0,258175.0,0.0
836,255827.0,225152.0,0.0
837,255827.0,257330.0,0.0
838,255827.0,228324.0,0.0
839,255827.0,227621.0,0.0
840,255827.0,222995.0,0.0
841,255827.0,222996.0,0.0
842,255827.0,228129.0,0.0
843,255827.0,222997.0,0.0
844,255827.0,223000.0,0.0
845,255827.0,221862.0,0.0
846,255827.0,226742.0,0.0
847,255827.0,222999.0,0.0
848,255827.0,226744.0,0.0
849,255827.0,226745.0,0.0
850,255827.0,221865.0,0.0
851,255827.0,221866.0,0.0
852,255827.0,227348.0,0.0
853,255827.0,255319.0,0.0
854,255827.0,255294.0,0.0
855,255827.0,255320.0,0.0
856,255827.0,221872.0,0.0
857,255827.0,221873.0,0.0
858,255827.0,223002.0,0.0
859,255827.0,225154.0,0.0
860,255827.0,223004.0,0.0
861,255827.0,257413.0,0.0
862,255827.0,221874.0,0.0
863,255827.0,223005.0,0.0
864,255827.0,227878.0,0.0
865,255827.0,223006.0,0.0
866,255827.0,223007.0,0.0
867,255827.0,221875.0,0.0
868,255827.0,227069.0,0.0
869,255827.0,223008.0,0.0
870,255827.0,221876.0,0.0
871,255827.0,223009.0,0.0
872,255827.0,221877.0,0.0
873,255827.0,223010.0,0.0
874,221397.0,225509.0,0.0
875,221397.0,221834.0,0.0
876,221397.0,221835.0,0.0
877,221397.0,221837.0,0.0
878,221397.0,226956.0,0.0
879,221397.0,227346.0,0.0
880,221397.0,221838.0,0.0
881,221397.0,225510.0,0.0
882,221397.0,225511.0,0.0
883,221397.0,255827.0,0.0
884,221397.0,221397.0,0.0
885,221397.0,225512.0,0.0
886,221397.0,225513.0,0.0
887,221397.0,221398.0,0.0
888,221397.0,257329.0,0.0
889,221397.0,221842.0,0.0
890,221397.0,221843.0,0.0
891,221397.0,221844.0,0.0
892,221397.0,254359.0,0.0
893,221397.0,221845.0,0.0
894,221397.0,221846.0,0.0
895,221397.0,255115.0,0.0
896,221397.0,255116.0,0.0
897,221397.0,221847.0,0.0
898,221397.0,221849.0,0.0
899,221397.0,221851.0,0.0
900,221397.0,254879.0,0.0
901,221397.0,221853.0,0.0
902,221397.0,221854.0,0.0
903,221397.0,221856.0,0.0
904,221397.0,222994.0,0.0
905,221397.0,259486.0,0.0
906,221397.0,225515.0,0.0
907,221397.0,258174.0,0.0
908,221397.0,258175.0,0.0
909,221397.0,225152.0,0.0
910,221397.0,257330.0,0.0
911,221397.0,228324.0,0.0
912,221397.0,227621.0,0.0
913,221397.0,222995.0,0.0
914,221397.0,222996.0,0.0
915,221397.0,228129.0,0.0
916,221397.0,222997.0,0.0
917,221397.0,223000.0,0.0
918,221397.0,221862.0,0.0
919,221397.0,226742.0,0.0
920,221397.0,222999.0,0.0
921,221397.0,226744.0,0.0
922,221397.0,226745.0,0.0
923,221397.0,221865.0,0.0
924,221397.0,221866.0,0.0
925,221397.0,227348.0,0.0
926,221397.0,255319.0,0.0
927,221397.0,255294.0,0.0
928,221397.0,255320.0,0.0
929,221397.0,221872.0,0.0
930,221397.0,221873.0,0.0
931,221397.0,223002.0,0.0
932,221397.0,225154.0,0.0
933,221397.0,223004.0,0.0
934,221397.0,257413.0,0.0
935,221397.0,221874.0,0.0
936,221397.0,223005.0,0.0
937,221397.0,227878.0,0.0
938,221397.0,223006.0,0.0
939,221397.0,223007.0,0.0
940,221397.0,221875.0,0.0
941,221397.0,227069.0,0.0
942,221397.0,223008.0,0.0
943,221397.0,221876.0,0.0
944,221397.0,223009.0,0.0
945,221397.0,221877.0,0.0
946,221397.0,223010.0,0.0
947,225512.0,225509.0,0.0
948,225512.0,221834.0,0.0
949,225512.0,221835.0,0.0
950,225512.0,221837.0,0.0
951,225512.0,226956.0,0.0
952,225512.0,227346.0,0.0
953,225512.0,221838.0,0.0
954,225512.0,225510.0,0.0
955,225512.0,225511.0,0.0
956,225512.0,255827.0,0.0
957,225512.0,221397.0,0.0
958,225512.0,225512.0,0.0
959,225512.0,225513.0,0.0
960,225512.0,221398.0,0.0
961,225512.0,257329.0,0.0
962,225512.0,221842.0,0.0
963,225512.0,221843.0,0.0
964,225512.0,221844.0,0.0
965,225512.0,254359.0,0.0
966,225512.0,221845.0,0.0
967,225512.0,221846.0,0.0
968,225512.0,255115.0,0.0
969,225512.0,255116.0,0.0
970,225512.0,221847.0,0.0
971,225512.0,221849.0,0.0
972,225512.0,221851.0,0.0
973,225512.0,254879.0,0.0
974,225512.0,221853.0,0.0
975,225512.0,221854.0,0.0
976,225512.0,221856.0,0.0
977,225512.0,222994.0,0.0
978,225512.0,259486.0,0.0
979,225512.0,225515.0,0.0
980,225512.0,258174.0,0.0
981,225512.0,258175.0,0.0
982,225512.0,225152.0,0.0
983,225512.0,257330.0,0.0
984,225512.0,228324.0,0.0
985,225512.0,227621.0,0.0
986,225512.0,222995.0,0.0
987,225512.0,222996.0,0.0
988,225512.0,228129.0,0.0
989,225512.0,222997.0,0.0
990,225512.0,223000.0,0.0
991,225512.0,221862.0,0.0
992,225512.0,226742.0,0.0
993,225512.0,222999.0,0.0
994,225512.0,226744.0,0.0
995,225512.0,226745.0,0.0
996,225512.0,221865.0,0.0
997,225512.0,221866.0,0.0
998,225512.0,227348.0,0.0
999,225512.0,255319.0,0.0
1000,225512.0,255294.0,0.0
1001,225512.0,255320.0,0.0
1002,225512.0,221872.0,0.0
1003,225512.0,221873.0,0.0
1004,225512.0,223002.0,0.0
1005,225512.0,225154.0,0.0
1006,225512.0,223004.0,0.0
1007,225512.0,257413.0,0.0
1008,225512.0,221874.0,0.0
1009,225512.0,223005.0,0.0
1010,225512.0,227878.0,0.0
1011,225512.0,223006.0,0.0
1012,225512.0,223007.0,0.0
1013,225512.0,221875.0,0.0
1014,225512.0,227069.0,0.0
1015,225512.0,223008.0,0.0
1016,225512.0,221876.0,0.0
1017,225512.0,223009.0,0.0
1018,225512.0,221877.0,0.0
1019,225512.0,223010.0,0.0
1020,225513.0,225509.0,0.0
1021,225513.0,221834.0,0.0
1022,225513.0,221835.0,0.0
1023,225513.0,221837.0,0.0
1024,225513.0,226956.0,0.0
1025,225513.0,227346.0,0.0
1026,225513.0,221838.0,0.0
1027,225513.0,225510.0,0.0
1028,225513.0,225511.0,0.0
1029,225513.0,255827.0,0.0
1030,225513.0,221397.0,0.0
1031,225513.0,225512.0,0.0
1032,225513.0,225513.0,0.0
1033,225513.0,221398.0,0.0
1034,225513.0,257329.0,0.0
1035,225513.0,221842.0,0.0
1036,225513.0,221843.0,0.0
1037,225513.0,221844.0,0.0
1038,225513.0,254359.0,0.0
1039,225513.0,221845.0,0.0
1040,225513.0,221846.0,0.0
1041,225513.0,255115.0,0.0
1042,225513.0,255116.0,0.0
1043,225513.0,221847.0,0.0
1044,225513.0,221849.0,0.0
1045,225513.0,221851.0,0.0
1046,225513.0,254879.0,0.0
1047,225513.0,221853.0,0.0
1048,225513.0,221854.0,0.0
1049,225513.0,221856.0,0.0
1050,225513.0,222994.0,0.0
1051,225513.0,259486.0,0.0
1052,225513.0,225515.0,0.0
1053,225513.0,258174.0,0.0
1054,225513.0,258175.0,0.0
1055,225513.0,225152.0,0.0
1056,225513.0,257330.0,0.0
1057,225513.0,228324.0,0.0
1058,225513.0,227621.0,0.0
1059,225513.0,222995.0,0.0
1060,225513.0,222996.0,0.0
1061,225513.0,228129.0,0.0
1062,225513.0,222997.0,0.0
1063,225513.0,223000.0,0.0
1064,225513.0,221862.0,0.0
1065,225513.0,226742.0,0.0
1066,225513.0,222999.0,0.0
1067,225513.0,226744.0,0.0
1068,225513.0,226745.0,0.0
1069,225513.0,221865.0,0.0
1070,225513.0,221866.0,0.0
1071,225513.0,227348.0,0.0
1072,225513.0,255319.0,0.0
1073,225513.0,255294.0,0.0
1074,225513.0,255320.0,0.0
1075,225513.0,221872.0,0.0
1076,225513.0,221873.0,0.0
1077,225513.0,223002.0,0.0
1078,225513.0,225154.0,0.0
1079,225513.0,223004.0,0.0
1080,225513.0,257413.0,0.0
1081,225513.0,221874.0,0.0
1082,225513.0,223005.0,0.0
1083,225513.0,227878.0,0.0
1084,225513.0,223006.0,0.0
1085,225513.0,223007.0,0.0
1086,225513.0,221875.0,0.0
1087,225513.0,227069.0,0.0
1088,225513.0,223008.0,0.0
1089,225513.0,221876.0,0.0
1090,225513.0,223009.0,0.0
1091,225513.0,221877.0,0.0
1092,225513.0,223010.0,0.0
1093,221398.0,225509.0,0.0
1094,221398.0,221834.0,0.0
1095,221398.0,221835.0,0.0
1096,221398.0,221837.0,0.0
1097,221398.0,226956.0,0.0
1098,221398.0,227346.0,0.0
1099,221398.0,221838.0,0.0
1100,221398.0,225510.0,0.0
1101,221398.0,225511.0,0.0
1102,221398.0,255827.0,0.0
1103,221398.0,221397.0,0.0
1104,221398.0,225512.0,0.0
1105,221398.0,225513.0,0.0
1106,221398.0,221398.0,0.0
1107,221398.0,257329.0,0.0
1108,221398.0,221842.0,0.0
1109,221398.0,221843.0,0.0
1110,221398.0,221844.0,0.0
1111,221398.0,254359.0,0.0
1112,221398.0,221845.0,0.0
1113,221398.0,221846.0,0.0
1114,221398.0,255115.0,0.0
1115,221398.0,255116.0,0.0
1116,221398.0,221847.0,0.0
1117,221398.0,221849.0,0.0
1118,221398.0,221851.0,0.0
1119,221398.0,254879.0,0.0
1120,221398.0,221853.0,0.0
1121,221398.0,221854.0,0.0
1122,221398.0,221856.0,0.0
1123,221398.0,222994.0,0.0
1124,221398.0,259486.0,0.0
1125,221398.0,225515.0,0.0
1126,221398.0,258174.0,0.0
1127,221398.0,258175.0,0.0
1128,221398.0,225152.0,0.0
1129,221398.0,257330.0,0.0
1130,221398.0,228324.0,0.0
1131,221398.0,227621.0,0.0
1132,221398.0,222995.0,0.0
1133,221398.0,222996.0,0.0
1134,221398.0,228129.0,0.0
1135,221398.0,222997.0,0.0
1136,221398.0,223000.0,0.0
1137,221398.0,221862.0,0.0
1138,221398.0,226742.0,0.0
1139,221398.0,222999.0,0.0
1140,221398.0,226744.0,0.0
1141,221398.0,226745.0,0.0
1142,221398.0,221865.0,0.0
1143,221398.0,221866.0,0.0
1144,221398.0,227348.0,0.0
1145,221398.0,255319.0,0.0
1146,221398.0,255294.0,0.0
1147,221398.0,255320.0,0.0
1148,221398.0,221872.0,0.0
1149,221398.0,221873.0,0.0
1150,221398.0,223002.0,0.0
1151,221398.0,225154.0,0.0
1152,221398.0,223004.0,0.0
1153,221398.0,257413.0,0.0
1154,221398.0,221874.0,0.0
1155,221398.0,223005.0,0.0
1156,221398.0,227878.0,0.0
1157,221398.0,223006.0,0.0
1158,221398.0,223007.0,0.0
1159,221398.0,221875.0,0.0
1160,221398.0,227069.0,0.0
1161,221398.0,223008.0,0.0
1162,221398.0,221876.0,0.0
1163,221398.0,223009.0,0.0
1164,221398.0,221877.0,0.0
1165,221398.0,223010.0,0.0
1166,257329.0,225509.0,0.0
1167,257329.0,221834.0,0.0
1168,257329.0,221835.0,0.0
1169,257329.0,221837.0,0.0
1170,257329.0,226956.0,0.0
1171,257329.0,227346.0,0.0
1172,257329.0,221838.0,0.0
1173,257329.0,225510.0,0.0
1174,257329.0,225511.0,0.0
1175,257329.0,255827.0,0.0
1176,257329.0,221397.0,0.0
1177,257329.0,225512.0,0.0
1178,257329.0,225513.0,0.0
1179,257329.0,221398.0,0.0
1180,257329.0,257329.0,0.0
1181,257329.0,221842.0,0.0
1182,257329.0,221843.0,0.0
1183,257329.0,221844.0,0.0
1184,257329.0,254359.0,0.0
1185,257329.0,221845.0,0.0
1186,257329.0,221846.0,0.0
1187,257329.0,255115.0,0.0
1188,257329.0,255116.0,0.0
1189,257329.0,221847.0,0.0
1190,257329.0,221849.0,0.0
1191,257329.0,221851.0,0.0
1192,257329.0,254879.0,0.0
1193,257329.0,221853.0,0.0
1194,257329.0,221854.0,0.0
1195,257329.0,221856.0,0.0
1196,257329.0,222994.0,0.0
1197,257329.0,259486.0,0.0
1198,257329.0,225515.0,0.0
1199,257329.0,258174.0,0.0
1200,257329.0,258175.0,0.0
1201,257329.0,225152.0,0.0
1202,257329.0,257330.0,0.0
1203,257329.0,228324.0,0.0
1204,257329.0,227621.0,0.0
1205,257329.0,222995.0,0.0
1206,257329.0,222996.0,0.0
1207,257329.0,228129.0,0.0
1208,257329.0,222997.0,0.0
1209,257329.0,223000.0,0.0
1210,257329.0,221862.0,0.0
1211,257329.0,226742.0,0.0
1212,257329.0,222999.0,0.0
1213,257329.0,226744.0,0.0
1214,257329.0,226745.0,0.0
1215,257329.0,221865.0,0.0
1216,257329.0,221866.0,0.0
1217,257329.0,227348.0,0.0
1218,257329.0,255319.0,0.0
1219,257329.0,255294.0,0.0
1220,257329.0,255320.0,0.0
1221,257329.0,221872.0,0.0
1222,257329.0,221873.0,0.0
1223,257329.0,223002.0,0.0
1224,257329.0,225154.0,0.0
1225,257329.0,223004.0,0.0
1226,257329.0,257413.0,0.0
1227,257329.0,221874.0,0.0
1228,257329.0,223005.0,0.0
1229,257329.0,227878.0,0.0
1230,257329.0,223006.0,0.0
1231,257329.0,223007.0,0.0
1232,257329.0,221875.0,0.0
1233,257329.0,227069.0,0.0
1234,257329.0,223008.0,0.0
1235,257329.0,221876.0,0.0
1236,257329.0,223009.0,0.0
1237,257329.0,221877.0,0.0
1238,257329.0,223010.0,0.0
1239,221842.0,225509.0,0.0
1240,221842.0,221834.0,0.0
1241,221842.0,221835.0,0.0
1242,221842.0,221837.0,0.0
1243,221842.0,226956.0,0.0
1244,221842.0,227346.0,0.0
1245,221842.0,221838.0,0.0
1246,221842.0,225510.0,0.0
1247,221842.0,225511.0,0.0
1248,221842.0,255827.0,0.0
1249,221842.0,221397.0,0.0
1250,221842.0,225512.0,0.0
1251,221842.0,225513.0,0.0
1252,221842.0,221398.0,0.0
1253,221842.0,257329.0,0.0
1254,221842.0,221842.0,0.0
1255,221842.0,221843.0,0.0
1256,221842.0,221844.0,0.0
1257,221842.0,254359.0,0.0
1258,221842.0,221845.0,0.0
1259,221842.0,221846.0,0.0
1260,221842.0,255115.0,0.0
1261,221842.0,255116.0,0.0
1262,221842.0,221847.0,0.0
1263,221842.0,221849.0,0.0
1264,221842.0,221851.0,0.0
1265,221842.0,254879.0,0.0
1266,221842.0,221853.0,0.0
1267,221842.0,221854.0,0.0
1268,221842.0,221856.0,0.0
1269,221842.0,222994.0,0.0
1270,221842.0,259486.0,0.0
1271,221842.0,225515.0,0.0
1272,221842.0,258174.0,0.0
1273,221842.0,258175.0,0.0
1274,221842.0,225152.0,0.0
1275,221842.0,257330.0,0.0
1276,221842.0,228324.0,0.0
1277,221842.0,227621.0,0.0
1278,221842.0,222995.0,0.0
1279,221842.0,222996.0,0.0
1280,221842.0,228129.0,0.0
1281,221842.0,222997.0,0.0
1282,221842.0,223000.0,0.0
1283,221842.0,221862.0,0.0
1284,221842.0,226742.0,0.0
1285,221842.0,222999.0,0.0
1286,221842.0,226744.0,0.0
1287,221842.0,226745.0,0.0
1288,221842.0,221865.0,0.0
1289,221842.0,221866.0,0.0
1290,221842.0,227348.0,0.0
1291,221842.0,255319.0,0.0
1292,221842.0,255294.0,0.0
1293,221842.0,255320.0,0.0
1294,221842.0,221872.0,0.0
1295,221842.0,221873.0,0.0
1296,221842.0,223002.0,0.0
1297,221842.0,225154.0,0.0
1298,221842.0,223004.0,0.0
1299,221842.0,257413.0,0.0
1300,221842.0,221874.0,0.0
1301,221842.0,223005.0,0.0
1302,221842.0,227878.0,0.0
1303,221842.0,223006.0,0.0
1304,221842.0,223007.0,0.0
1305,221842.0,221875.0,0.0
1306,221842.0,227069.0,0.0
1307,221842.0,223008.0,0.0
1308,221842.0,221876.0,0.0
1309,221842.0,223009.0,0.0
1310,221842.0,221877.0,0.0
1311,221842.0,223010.0,0.0
1312,221843.0,225509.0,0.0
1313,221843.0,221834.0,0.0
1314,221843.0,221835.0,0.0
1315,221843.0,221837.0,0.0
1316,221843.0,226956.0,0.0
1317,221843.0,227346.0,0.0
1318,221843.0,221838.0,0.0
1319,221843.0,225510.0,0.0
1320,221843.0,225511.0,0.0
1321,221843.0,255827.0,0.0
1322,221843.0,221397.0,0.0
1323,221843.0,225512.0,0.0
1324,221843.0,225513.0,0.0
1325,221843.0,221398.0,0.0
1326,221843.0,257329.0,0.0
1327,221843.0,221842.0,0.0
1328,221843.0,221843.0,0.0
1329,221843.0,221844.0,0.0
1330,221843.0,254359.0,0.0
1331,221843.0,221845.0,0.0
1332,221843.0,221846.0,0.0
1333,221843.0,255115.0,0.0
1334,221843.0,255116.0,0.0
1335,221843.0,221847.0,0.0
1336,221843.0,221849.0,0.0
1337,221843.0,221851.0,0.0
1338,221843.0,254879.0,0.0
1339,221843.0,221853.0,0.0
1340,221843.0,221854.0,0.0
1341,221843.0,221856.0,0.0
1342,221843.0,222994.0,0.0
1343,221843.0,259486.0,0.0
1344,221843.0,225515.0,0.0
1345,221843.0,258174.0,0.0
1346,221843.0,258175.0,0.0
1347,221843.0,225152.0,0.0
1348,221843.0,257330.0,0.0
1349,221843.0,228324.0,0.0
1350,221843.0,227621.0,0.0
1351,221843.0,222995.0,0.0
1352,221843.0,222996.0,0.0
1353,221843.0,228129.0,0.0
1354,221843.0,222997.0,0.0
1355,221843.0,223000.0,0.0
1356,221843.0,221862.0,0.0
1357,221843.0,226742.0,0.0
1358,221843.0,222999.0,0.0
1359,221843.0,226744.0,0.0
1360,221843.0,226745.0,0.0
1361,221843.0,221865.0,0.0
1362,221843.0,221866.0,0.0
1363,221843.0,227348.0,0.0
1364,221843.0,255319.0,0.0
1365,221843.0,255294.0,0.0
1366,221843.0,255320.0,0.0
1367,221843.0,221872.0,0.0
1368,221843.0,221873.0,0.0
1369,221843.0,223002.0,0.0
1370,221843.0,225154.0,0.0
1371,221843.0,223004.0,0.0
1372,221843.0,257413.0,0.0
1373,221843.0,221874.0,0.0
1374,221843.0,223005.0,0.0
1375,221843.0,227878.0,0.0
1376,221843.0,223006.0,0.0
1377,221843.0,223007.0,0.0
1378,221843.0,221875.0,0.0
1379,221843.0,227069.0,0.0
1380,221843.0,223008.0,0.0
1381,221843.0,221876.0,0.0
1382,221843.0,223009.0,0.0
1383,221843.0,221877.0,0.0
1384,221843.0,223010.0,0.0
1385,221844.0,225509.0,0.0
1386,221844.0,221834.0,0.0
1387,221844.0,221835.0,0.0
1388,221844.0,221837.0,0.0
1389,221844.0,226956.0,0.0
1390,221844.0,227346.0,0.0
1391,221844.0,221838.0,0.0
1392,221844.0,225510.0,0.0
1393,221844.0,225511.0,0.0
1394,221844.0,255827.0,0.0
1395,221844.0,221397.0,0.0
1396,221844.0,225512.0,0.0
1397,221844.0,225513.0,0.0
1398,221844.0,221398.0,0.0
1399,221844.0,257329.0,0.0
1400,221844.0,221842.0,0.0
1401,221844.0,221843.0,0.0
1402,221844.0,221844.0,0.0
1403,221844.0,254359.0,0.0
1404,221844.0,221845.0,0.0
1405,221844.0,221846.0,0.0
1406,221844.0,255115.0,0.0
1407,221844.0,255116.0,0.0
1408,221844.0,221847.0,0.0
1409,221844.0,221849.0,0.0
1410,221844.0,221851.0,0.0
1411,221844.0,254879.0,0.0
1412,221844.0,221853.0,0.0
1413,221844.0,221854.0,0.0
1414,221844.0,221856.0,0.0
1415,221844.0,222994.0,0.0
1416,221844.0,259486.0,0.0
1417,221844.0,225515.0,0.0
1418,221844.0,258174.0,0.0
1419,221844.0,258175.0,0.0
1420,221844.0,225152.0,0.0
1421,221844.0,257330.0,0.0
1422,221844.0,228324.0,0.0
1423,221844.0,227621.0,0.0
1424,221844.0,222995.0,0.0
1425,221844.0,222996.0,0.0
1426,221844.0,228129.0,0.0
1427,221844.0,222997.0,0.0
1428,221844.0,223000.0,0.0
1429,221844.0,221862.0,0.0
1430,221844.0,226742.0,0.0
1431,221844.0,222999.0,0.0
1432,221844.0,226744.0,0.0
1433,221844.0,226745.0,0.0
1434,221844.0,221865.0,0.0
1435,221844.0,221866.0,0.0
1436,221844.0,227348.0,0.0
1437,221844.0,255319.0,0.0
1438,221844.0,255294.0,0.0
1439,221844.0,255320.0,0.0
1440,221844.0,221872.0,0.0
1441,221844.0,221873.0,0.0
1442,221844.0,223002.0,0.0
1443,221844.0,225154.0,0.0
1444,221844.0,223004.0,0.0
1445,221844.0,257413.0,0.0
1446,221844.0,221874.0,0.0
1447,221844.0,223005.0,0.0
1448,221844.0,227878.0,0.0
1449,221844.0,223006.0,0.0
1450,221844.0,223007.0,0.0
1451,221844.0,221875.0,0.0
1452,221844.0,227069.0,0.0
1453,221844.0,223008.0,0.0
1454,221844.0,221876.0,0.0
1455,221844.0,223009.0,0.0
1456,221844.0,221877.0,0.0
1457,221844.0,223010.0,0.0
1458,254359.0,225509.0,0.0
1459,254359.0,221834.0,0.0
1460,254359.0,221835.0,0.0
1461,254359.0,221837.0,0.0
1462,254359.0,226956.0,0.0
1463,254359.0,227346.0,0.0
1464,254359.0,221838.0,0.0
1465,254359.0,225510.0,0.0
1466,254359.0,225511.0,0.0
1467,254359.0,255827.0,0.0
1468,254359.0,221397.0,0.0
1469,254359.0,225512.0,0.0
1470,254359.0,225513.0,0.0
1471,254359.0,221398.0,0.0
1472,254359.0,257329.0,0.0
1473,254359.0,221842.0,0.0
1474,254359.0,221843.0,0.0
1475,254359.0,221844.0,0.0
1476,254359.0,254359.0,0.0
1477,254359.0,221845.0,0.0
1478,254359.0,221846.0,0.0
1479,254359.0,255115.0,0.0
1480,254359.0,255116.0,0.0
1481,254359.0,221847.0,0.0
1482,254359.0,221849.0,0.0
1483,254359.0,221851.0,0.0
1484,254359.0,254879.0,0.0
1485,254359.0,221853.0,0.0
1486,254359.0,221854.0,0.0
1487,254359.0,221856.0,0.0
1488,254359.0,222994.0,0.0
1489,254359.0,259486.0,0.0
1490,254359.0,225515.0,0.0
1491,254359.0,258174.0,0.0
1492,254359.0,258175.0,0.0
1493,254359.0,225152.0,0.0
1494,254359.0,257330.0,0.0
1495,254359.0,228324.0,0.0
1496,254359.0,227621.0,0.0
1497,254359.0,222995.0,0.0
1498,254359.0,222996.0,0.0
1499,254359.0,228129.0,0.0
1500,254359.0,222997.0,0.0
1501,254359.0,223000.0,0.0
1502,254359.0,221862.0,0.0
1503,254359.0,226742.0,0.0
1504,254359.0,222999.0,0.0
1505,254359.0,226744.0,0.0
1506,254359.0,226745.0,0.0
1507,254359.0,221865.0,0.0
1508,254359.0,221866.0,0.0
1509,254359.0,227348.0,0.0
1510,254359.0,255319.0,0.0
1511,254359.0,255294.0,0.0
1512,254359.0,255320.0,0.0
1513,254359.0,221872.0,0.0
1514,254359.0,221873.0,0.0
1515,254359.0,223002.0,0.0
1516,254359.0,225154.0,0.0
1517,254359.0,223004.0,0.0
1518,254359.0,257413.0,0.0
1519,254359.0,221874.0,0.0
1520,254359.0,223005.0,0.0
1521,254359.0,227878.0,0.0
1522,254359.0,223006.0,0.0
1523,254359.0,223007.0,0.0
1524,254359.0,221875.0,0.0
1525,254359.0,227069.0,0.0
1526,254359.0,223008.0,0.0
1527,254359.0,221876.0,0.0
1528,254359.0,223009.0,0.0
1529,254359.0,221877.0,0.0
1530,254359.0,223010.0,0.0
1531,221845.0,225509.0,0.0
1532,221845.0,221834.0,0.0
1533,221845.0,221835.0,0.0
1534,221845.0,221837.0,0.0
1535,221845.0,226956.0,0.0
1536,221845.0,227346.0,0.0
1537,221845.0,221838.0,0.0
1538,221845.0,225510.0,0.0
1539,221845.0,225511.0,0.0
1540,221845.0,255827.0,0.0
1541,221845.0,221397.0,0.0
1542,221845.0,225512.0,0.0
1543,221845.0,225513.0,0.0
1544,221845.0,221398.0,0.0
1545,221845.0,257329.0,0.0
1546,221845.0,221842.0,0.0
1547,221845.0,221843.0,0.0
1548,221845.0,221844.0,0.0
1549,221845.0,254359.0,0.0
1550,221845.0,221845.0,0.0
1551,221845.0,221846.0,0.0
1552,221845.0,255115.0,0.0
1553,221845.0,255116.0,0.0
1554,221845.0,221847.0,0.0
1555,221845.0,221849.0,0.0
1556,221845.0,221851.0,0.0
1557,221845.0,254879.0,0.0
1558,221845.0,221853.0,0.0
1559,221845.0,221854.0,0.0
1560,221845.0,221856.0,0.0
1561,221845.0,222994.0,0.0
1562,221845.0,259486.0,0.0
1563,221845.0,225515.0,0.0
1564,221845.0,258174.0,0.0
1565,221845.0,258175.0,0.0
1566,221845.0,225152.0,0.0
1567,221845.0,257330.0,0.0
1568,221845.0,228324.0,0.0
1569,221845.0,227621.0,0.0
1570,221845.0,222995.0,0.0
1571,221845.0,222996.0,0.0
1572,221845.0,228129.0,0.0
1573,221845.0,222997.0,0.0
1574,221845.0,223000.0,0.0
1575,221845.0,221862.0,0.0
1576,221845.0,226742.0,0.0
1577,221845.0,222999.0,0.0
1578,221845.0,226744.0,0.0
1579,221845.0,226745.0,0.0
1580,221845.0,221865.0,0.0
1581,221845.0,221866.0,0.0
1582,221845.0,227348.0,0.0
1583,221845.0,255319.0,0.0
1584,221845.0,255294.0,0.0
1585,221845.0,255320.0,0.0
1586,221845.0,221872.0,0.0
1587,221845.0,221873.0,0.0
1588,221845.0,223002.0,0.0
1589,221845.0,225154.0,0.0
1590,221845.0,223004.0,0.0
1591,221845.0,257413.0,0.0
1592,221845.0,221874.0,0.0
1593,221845.0,223005.0,0.0
1594,221845.0,227878.0,0.0
1595,221845.0,223006.0,0.0
1596,221845.0,223007.0,0.0
1597,221845.0,221875.0,0.0
1598,221845.0,227069.0,0.0
1599,221845.0,223008.0,0.0
1600,221845.0,221876.0,0.0
1601,221845.0,223009.0,0.0
1602,221845.0,221877.0,0.0
1603,221845.0,223010.0,0.0
1604,221846.0,225509.0,0.0
1605,221846.0,221834.0,0.0
1606,221846.0,221835.0,0.0
1607,221846.0,221837.0,0.0
1608,221846.0,226956.0,0.0
1609,221846.0,227346.0,0.0
1610,221846.0,221838.0,0.0
1611,221846.0,225510.0,0.0
1612,221846.0,225511.0,0.0
1613,221846.0,255827.0,0.0
1614,221846.0,221397.0,0.0
1615,221846.0,225512.0,0.0
1616,221846.0,225513.0,0.0
1617,221846.0,221398.0,0.0
1618,221846.0,257329.0,0.0
1619,221846.0,221842.0,0.0
1620,221846.0,221843.0,0.0
1621,221846.0,221844.0,0.0
1622,221846.0,254359.0,0.0
1623,221846.0,221845.0,0.0
1624,221846.0,221846.0,0.0
1625,221846.0,255115.0,0.0
1626,221846.0,255116.0,0.0
1627,221846.0,221847.0,0.0
1628,221846.0,221849.0,0.0
1629,221846.0,221851.0,0.0
1630,221846.0,254879.0,0.0
1631,221846.0,221853.0,0.0
1632,221846.0,221854.0,0.0
1633,221846.0,221856.0,0.0
1634,221846.0,222994.0,0.0
1635,221846.0,259486.0,0.0
1636,221846.0,225515.0,0.0
1637,221846.0,258174.0,0.0
1638,221846.0,258175.0,0.0
1639,221846.0,225152.0,0.0
1640,221846.0,257330.0,0.0
1641,221846.0,228324.0,0.0
1642,221846.0,227621.0,0.0
1643,221846.0,222995.0,0.0
1644,221846.0,222996.0,0.0
1645,221846.0,228129.0,0.0
1646,221846.0,222997.0,0.0
1647,221846.0,223000.0,0.0
1648,221846.0,221862.0,0.0
1649,221846.0,226742.0,0.0
1650,221846.0,222999.0,0.0
1651,221846.0,226744.0,0.0
1652,221846.0,226745.0,0.0
1653,221846.0,221865.0,0.0
1654,221846.0,221866.0,0.0
1655,221846.0,227348.0,0.0
1656,221846.0,255319.0,0.0
1657,221846.0,255294.0,0.0
1658,221846.0,255320.0,0.0
1659,221846.0,221872.0,0.0
1660,221846.0,221873.0,0.0
1661,221846.0,223002.0,0.0
1662,221846.0,225154.0,0.0
1663,221846.0,223004.0,0.0
1664,221846.0,257413.0,0.0
1665,221846.0,221874.0,0.0
1666,221846.0,223005.0,0.0
1667,221846.0,227878.0,0.0
1668,221846.0,223006.0,0.0
1669,221846.0,223007.0,0.0
1670,221846.0,221875.0,0.0
1671,221846.0,227069.0,0.0
1672,221846.0,223008.0,0.0
1673,221846.0,221876.0,0.0
1674,221846.0,223009.0,0.0
1675,221846.0,221877.0,0.0
1676,221846.0,223010.0,0.0
1677,255115.0,225509.0,0.0
1678,255115.0,221834.0,0.0
1679,255115.0,221835.0,0.0
1680,255115.0,221837.0,0.0
1681,255115.0,226956.0,0.0
1682,255115.0,227346.0,0.0
1683,255115.0,221838.0,0.0
1684,255115.0,225510.0,0.0
1685,255115.0,225511.0,0.0
1686,255115.0,255827.0,0.0
1687,255115.0,221397.0,0.0
1688,255115.0,225512.0,0.0
1689,255115.0,225513.0,0.0
1690,255115.0,221398.0,0.0
1691,255115.0,257329.0,0.0
1692,255115.0,221842.0,0.0
1693,255115.0,221843.0,0.0
1694,255115.0,221844.0,0.0
1695,255115.0,254359.0,0.0
1696,255115.0,221845.0,0.0
1697,255115.0,221846.0,0.0
1698,255115.0,255115.0,0.0
1699,255115.0,255116.0,0.0
1700,255115.0,221847.0,0.0
1701,255115.0,221849.0,0.0
1702,255115.0,221851.0,0.0
1703,255115.0,254879.0,0.0
1704,255115.0,221853.0,0.0
1705,255115.0,221854.0,0.0
1706,255115.0,221856.0,0.0
1707,255115.0,222994.0,0.0
1708,255115.0,259486.0,0.0
1709,255115.0,225515.0,0.0
1710,255115.0,258174.0,0.0
1711,255115.0,258175.0,0.0
1712,255115.0,225152.0,0.0
1713,255115.0,257330.0,0.0
1714,255115.0,228324.0,0.0
1715,255115.0,227621.0,0.0
1716,255115.0,222995.0,0.0
1717,255115.0,222996.0,0.0
1718,255115.0,228129.0,0.0
1719,255115.0,222997.0,0.0
1720,255115.0,223000.0,0.0
1721,255115.0,221862.0,0.0
1722,255115.0,226742.0,0.0
1723,255115.0,222999.0,0.0
1724,255115.0,226744.0,0.0
1725,255115.0,226745.0,0.0
1726,255115.0,221865.0,0.0
1727,255115.0,221866.0,0.0
1728,255115.0,227348.0,0.0
1729,255115.0,255319.0,0.0
1730,255115.0,255294.0,0.0
1731,255115.0,255320.0,0.0
1732,255115.0,221872.0,0.0
1733,255115.0,221873.0,0.0
1734,255115.0,223002.0,0.0
1735,255115.0,225154.0,0.0
1736,255115.0,223004.0,0.0
1737,255115.0,257413.0,0.0
1738,255115.0,221874.0,0.0
1739,255115.0,223005.0,0.0
1740,255115.0,227878.0,0.0
1741,255115.0,223006.0,0.0
1742,255115.0,223007.0,0.0
1743,255115.0,221875.0,0.0
1744,255115.0,227069.0,0.0
1745,255115.0,223008.0,0.0
1746,255115.0,221876.0,0.0
1747,255115.0,223009.0,0.0
1748,255115.0,221877.0,0.0
1749,255115.0,223010.0,0.0
1750,255116.0,225509.0,0.0
1751,255116.0,221834.0,0.0
1752,255116.0,221835.0,0.0
1753,255116.0,221837.0,0.0
1754,255116.0,226956.0,0.0
1755,255116.0,227346.0,0.0
1756,255116.0,221838.0,0.0
1757,255116.0,225510.0,0.0
1758,255116.0,225511.0,0.0
1759,255116.0,255827.0,0.0
1760,255116.0,221397.0,0.0
1761,255116.0,225512.0,0.0
1762,255116.0,225513.0,0.0
1763,255116.0,221398.0,0.0
1764,255116.0,257329.0,0.0
1765,255116.0,221842.0,0.0
1766,255116.0,221843.0,0.0
1767,255116.0,221844.0,0.0
1768,255116.0,254359.0,0.0
1769,255116.0,221845.0,0.0
1770,255116.0,221846.0,0.0
1771,255116.0,255115.0,0.0
1772,255116.0,255116.0,0.0
1773,255116.0,221847.0,0.0
1774,255116.0,221849.0,0.0
1775,255116.0,221851.0,0.0
1776,255116.0,254879.0,0.0
1777,255116.0,221853.0,0.0
1778,255116.0,221854.0,0.0
1779,255116.0,221856.0,0.0
1780,255116.0,222994.0,0.0
1781,255116.0,259486.0,0.0
1782,255116.0,225515.0,0.0
1783,255116.0,258174.0,0.0
1784,255116.0,258175.0,0.0
1785,255116.0,225152.0,0.0
1786,255116.0,257330.0,0.0
1787,255116.0,228324.0,0.0
1788,255116.0,227621.0,0.0
1789,255116.0,222995.0,0.0
1790,255116.0,222996.0,0.0
1791,255116.0,228129.0,0.0
1792,255116.0,222997.0,0.0
1793,255116.0,223000.0,0.0
1794,255116.0,221862.0,0.0
1795,255116.0,226742.0,0.0
1796,255116.0,222999.0,0.0
1797,255116.0,226744.0,0.0
1798,255116.0,226745.0,0.0
1799,255116.0,221865.0,0.0
1800,255116.0,221866.0,0.0
1801,255116.0,227348.0,0.0
1802,255116.0,255319.0,0.0
1803,255116.0,255294.0,0.0
1804,255116.0,255320.0,0.0
1805,255116.0,221872.0,0.0
1806,255116.0,221873.0,0.0
1807,255116.0,223002.0,0.0
1808,255116.0,225154.0,0.0
1809,255116.0,223004.0,0.0
1810,255116.0,257413.0,0.0
1811,255116.0,221874.0,0.0
1812,255116.0,223005.0,0.0
1813,255116.0,227878.0,0.0
1814,255116.0,223006.0,0.0
1815,255116.0,223007.0,0.0
1816,255116.0,221875.0,0.0
1817,255116.0,227069.0,0.0
1818,255116.0,223008.0,0.0
1819,255116.0,221876.0,0.0
1820,255116.0,223009.0,0.0
1821,255116.0,221877.0,0.0
1822,255116.0,223010.0,0.0
1823,221847.0,225509.0,0.0
1824,221847.0,221834.0,0.0
1825,221847.0,221835.0,0.0
1826,221847.0,221837.0,0.0
1827,221847.0,226956.0,0.0
1828,221847.0,227346.0,0.0
1829,221847.0,221838.0,0.0
1830,221847.0,225510.0,0.0
1831,221847.0,225511.0,0.0
1832,221847.0,255827.0,0.0
1833,221847.0,221397.0,0.0
1834,221847.0,225512.0,0.0
1835,221847.0,225513.0,0.0
1836,221847.0,221398.0,0.0
1837,221847.0,257329.0,0.0
1838,221847.0,221842.0,0.0
1839,221847.0,221843.0,0.0
1840,221847.0,221844.0,0.0
1841,221847.0,254359.0,0.0
1842,221847.0,221845.0,0.0
1843,221847.0,221846.0,0.0
1844,221847.0,255115.0,0.0
1845,221847.0,255116.0,0.0
1846,221847.0,221847.0,0.0
1847,221847.0,221849.0,0.0
1848,221847.0,221851.0,0.0
1849,221847.0,254879.0,0.0
1850,221847.0,221853.0,0.0
1851,221847.0,221854.0,0.0
1852,221847.0,221856.0,0.0
1853,221847.0,222994.0,0.0
1854,221847.0,259486.0,0.0
1855,221847.0,225515.0,0.0
1856,221847.0,258174.0,0.0
1857,221847.0,258175.0,0.0
1858,221847.0,225152.0,0.0
1859,221847.0,257330.0,0.0
1860,221847.0,228324.0,0.0
1861,221847.0,227621.0,0.0
1862,221847.0,222995.0,0.0
1863,221847.0,222996.0,0.0
1864,221847.0,228129.0,0.0
1865,221847.0,222997.0,0.0
1866,221847.0,223000.0,0.0
1867,221847.0,221862.0,0.0
1868,221847.0,226742.0,0.0
1869,221847.0,222999.0,0.0
1870,221847.0,226744.0,0.0
1871,221847.0,226745.0,0.0
1872,221847.0,221865.0,0.0
1873,221847.0,221866.0,0.0
1874,221847.0,227348.0,0.0
1875,221847.0,255319.0,0.0
1876,221847.0,255294.0,0.0
1877,221847.0,255320.0,0.0
1878,221847.0,221872.0,0.0
1879,221847.0,221873.0,0.0
1880,221847.0,223002.0,0.0
1881,221847.0,225154.0,0.0
1882,221847.0,223004.0,0.0
1883,221847.0,257413.0,0.0
1884,221847.0,221874.0,0.0
1885,221847.0,223005.0,0.0
1886,221847.0,227878.0,0.0
1887,221847.0,223006.0,0.0
1888,221847.0,223007.0,0.0
1889,221847.0,221875.0,0.0
1890,221847.0,227069.0,0.0
1891,221847.0,223008.0,0.0
1892,221847.0,221876.0,0.0
1893,221847.0,223009.0,0.0
1894,221847.0,221877.0,0.0
1895,221847.0,223010.0,0.0
1896,221849.0,225509.0,0.0
1897,221849.0,221834.0,0.0
1898,221849.0,221835.0,0.0
1899,221849.0,221837.0,0.0
1900,221849.0,226956.0,0.0
1901,221849.0,227346.0,0.0
1902,221849.0,221838.0,0.0
1903,221849.0,225510.0,0.0
1904,221849.0,225511.0,0.0
1905,221849.0,255827.0,0.0
1906,221849.0,221397.0,0.0
1907,221849.0,225512.0,0.0
1908,221849.0,225513.0,0.0
1909,221849.0,221398.0,0.0
1910,221849.0,257329.0,0.0
1911,221849.0,221842.0,0.0
1912,221849.0,221843.0,0.0
1913,221849.0,221844.0,0.0
1914,221849.0,254359.0,0.0
1915,221849.0,221845.0,0.0
1916,221849.0,221846.0,0.0
1917,221849.0,255115.0,0.0
1918,221849.0,255116.0,0.0
1919,221849.0,221847.0,0.0
1920,221849.0,221849.0,0.0
1921,221849.0,221851.0,0.0
1922,221849.0,254879.0,0.0
1923,221849.0,221853.0,0.0
1924,221849.0,221854.0,0.0
1925,221849.0,221856.0,0.0
1926,221849.0,222994.0,0.0
1927,221849.0,259486.0,0.0
1928,221849.0,225515.0,0.0
1929,221849.0,258174.0,0.0
1930,221849.0,258175.0,0.0
1931,221849.0,225152.0,0.0
1932,221849.0,257330.0,0.0
1933,221849.0,228324.0,0.0
1934,221849.0,227621.0,0.0
1935,221849.0,222995.0,0.0
1936,221849.0,222996.0,0.0
1937,221849.0,228129.0,0.0
1938,221849.0,222997.0,0.0
1939,221849.0,223000.0,0.0
1940,221849.0,221862.0,0.0
1941,221849.0,226742.0,0.0
1942,221849.0,222999.0,0.0
1943,221849.0,226744.0,0.0
1944,221849.0,226745.0,0.0
1945,221849.0,221865.0,0.0
1946,221849.0,221866.0,0.0
1947,221849.0,227348.0,0.0
1948,221849.0,255319.0,0.0
1949,221849.0,255294.0,0.0
1950,221849.0,255320.0,0.0
1951,221849.0,221872.0,0.0
1952,221849.0,221873.0,0.0
1953,221849.0,223002.0,0.0
1954,221849.0,225154.0,0.0
1955,221849.0,223004.0,0.0
1956,221849.0,257413.0,0.0
1957,221849.0,221874.0,0.0
1958,221849.0,223005.0,0.0
1959,221849.0,227878.0,0.0
1960,221849.0,223006.0,0.0
1961,221849.0,223007.0,0.0
1962,221849.0,221875.0,0.0
1963,221849.0,227069.0,0.0
1964,221849.0,223008.0,0.0
1965,221849.0,221876.0,0.0
1966,221849.0,223009.0,0.0
1967,221849.0,221877.0,0.0
1968,221849.0,223010.0,0.0
1969,221851.0,225509.0,0.0
1970,221851.0,221834.0,0.0
1971,221851.0,221835.0,0.0
1972,221851.0,221837.0,0.0
1973,221851.0,226956.0,0.0
1974,221851.0,227346.0,0.0
1975,221851.0,221838.0,0.0
1976,221851.0,225510.0,0.0
1977,221851.0,225511.0,0.0
1978,221851.0,255827.0,0.0
1979,221851.0,221397.0,0.0
1980,221851.0,225512.0,0.0
1981,221851.0,225513.0,0.0
1982,221851.0,221398.0,0.0
1983,221851.0,257329.0,0.0
1984,221851.0,221842.0,0.0
1985,221851.0,221843.0,0.0
1986,221851.0,221844.0,0.0
1987,221851.0,254359.0,0.0
1988,221851.0,221845.0,0.0
1989,221851.0,221846.0,0.0
1990,221851.0,255115.0,0.0
1991,221851.0,255116.0,0.0
1992,221851.0,221847.0,0.0
1993,221851.0,221849.0,0.0
1994,221851.0,221851.0,0.0
1995,221851.0,254879.0,0.0
1996,221851.0,221853.0,0.0
1997,221851.0,221854.0,0.0
1998,221851.0,221856.0,0.0
1999,221851.0,222994.0,0.0
2000,221851.0,259486.0,0.0
2001,221851.0,225515.0,0.0
2002,221851.0,258174.0,0.0
2003,221851.0,258175.0,0.0
2004,221851.0,225152.0,0.0
2005,221851.0,257330.0,0.0
2006,221851.0,228324.0,0.0
2007,221851.0,227621.0,0.0
2008,221851.0,222995.0,0.0
2009,221851.0,222996.0,0.0
2010,221851.0,228129.0,0.0
2011,221851.0,222997.0,0.0
2012,221851.0,223000.0,0.0
2013,221851.0,221862.0,0.0
2014,221851.0,226742.0,0.0
2015,221851.0,222999.0,0.0
2016,221851.0,226744.0,0.0
2017,221851.0,226745.0,0.0
2018,221851.0,221865.0,0.0
2019,221851.0,221866.0,0.0
2020,221851.0,227348.0,0.0
2021,221851.0,255319.0,0.0
2022,221851.0,255294.0,0.0
2023,221851.0,255320.0,0.0
2024,221851.0,221872.0,0.0
2025,221851.0,221873.0,0.0
2026,221851.0,223002.0,0.0
2027,221851.0,225154.0,0.0
2028,221851.0,223004.0,0.0
2029,221851.0,257413.0,0.0
2030,221851.0,221874.0,0.0
2031,221851.0,223005.0,0.0
2032,221851.0,227878.0,0.0
2033,221851.0,223006.0,0.0
2034,221851.0,223007.0,0.0
2035,221851.0,221875.0,0.0
2036,221851.0,227069.0,0.0
2037,221851.0,223008.0,0.0
2038,221851.0,221876.0,0.0
2039,221851.0,223009.0,0.0
2040,221851.0,221877.0,0.0
2041,221851.0,223010.0,0.0
2042,254879.0,225509.0,0.0
2043,254879.0,221834.0,0.0
2044,254879.0,221835.0,0.0
2045,254879.0,221837.0,0.0
2046,254879.0,226956.0,0.0
2047,254879.0,227346.0,0.0
2048,254879.0,221838.0,0.0
2049,254879.0,225510.0,0.0
2050,254879.0,225511.0,0.0
2051,254879.0,255827.0,0.0
2052,254879.0,221397.0,0.0
2053,254879.0,225512.0,0.0
2054,254879.0,225513.0,0.0
2055,254879.0,221398.0,0.0
2056,254879.0,257329.0,0.0
2057,254879.0,221842.0,0.0
2058,254879.0,221843.0,0.0
2059,254879.0,221844.0,0.0
2060,254879.0,254359.0,0.0
2061,254879.0,221845.0,0.0
2062,254879.0,221846.0,0.0
2063,254879.0,255115.0,0.0
2064,254879.0,255116.0,0.0
2065,254879.0,221847.0,0.0
2066,254879.0,221849.0,0.0
2067,254879.0,221851.0,0.0
2068,254879.0,254879.0,0.0
2069,254879.0,221853.0,0.0
2070,254879.0,221854.0,0.0
2071,254879.0,221856.0,0.0
2072,254879.0,222994.0,0.0
2073,254879.0,259486.0,0.0
2074,254879.0,225515.0,0.0
2075,254879.0,258174.0,0.0
2076,254879.0,258175.0,0.0
2077,254879.0,225152.0,0.0
2078,254879.0,257330.0,0.0
2079,254879.0,228324.0,0.0
2080,254879.0,227621.0,0.0
2081,254879.0,222995.0,0.0
2082,254879.0,222996.0,0.0
2083,254879.0,228129.0,0.0
2084,254879.0,222997.0,0.0
2085,254879.0,223000.0,0.0
2086,254879.0,221862.0,0.0
2087,254879.0,226742.0,0.0
2088,254879.0,222999.0,0.0
2089,254879.0,226744.0,0.0
2090,254879.0,226745.0,0.0
2091,254879.0,221865.0,0.0
2092,254879.0,221866.0,0.0
2093,254879.0,227348.0,0.0
2094,254879.0,255319.0,0.0
2095,254879.0,255294.0,0.0
2096,254879.0,255320.0,0.0
2097,254879.0,221872.0,0.0
2098,254879.0,221873.0,0.0
2099,254879.0,223002.0,0.0
2100,254879.0,225154.0,0.0
2101,254879.0,223004.0,0.0
2102,254879.0,257413.0,0.0
2103,254879.0,221874.0,0.0
2104,254879.0,223005.0,0.0
2105,254879.0,227878.0,0.0
2106,254879.0,223006.0,0.0
2107,254879.0,223007.0,0.0
2108,254879.0,221875.0,0.0
2109,254879.0,227069.0,0.0
2110,254879.0,223008.0,0.0
2111,254879.0,221876.0,0.0
2112,254879.0,223009.0,0.0
2113,254879.0,221877.0,0.0
2114,254879.0,223010.0,0.0
2115,221853.0,225509.0,0.0
2116,221853.0,221834.0,0.0
2117,221853.0,221835.0,0.0
2118,221853.0,221837.0,0.0
2119,221853.0,226956.0,0.0
2120,221853.0,227346.0,0.0
2121,221853.0,221838.0,0.0
2122,221853.0,225510.0,0.0
2123,221853.0,225511.0,0.0
2124,221853.0,255827.0,0.0
2125,221853.0,221397.0,0.0
2126,221853.0,225512.0,0.0
2127,221853.0,225513.0,0.0
2128,221853.0,221398.0,0.0
2129,221853.0,257329.0,0.0
2130,221853.0,221842.0,0.0
2131,221853.0,221843.0,0.0
2132,221853.0,221844.0,0.0
2133,221853.0,254359.0,0.0
2134,221853.0,221845.0,0.0
2135,221853.0,221846.0,0.0
2136,221853.0,255115.0,0.0
2137,221853.0,255116.0,0.0
2138,221853.0,221847.0,0.0
2139,221853.0,221849.0,0.0
2140,221853.0,221851.0,0.0
2141,221853.0,254879.0,0.0
2142,221853.0,221853.0,0.0
2143,221853.0,221854.0,0.0
2144,221853.0,221856.0,0.0
2145,221853.0,222994.0,0.0
2146,221853.0,259486.0,0.0
2147,221853.0,225515.0,0.0
2148,221853.0,258174.0,0.0
2149,221853.0,258175.0,0.0
2150,221853.0,225152.0,0.0
2151,221853.0,257330.0,0.0
2152,221853.0,228324.0,0.0
2153,221853.0,227621.0,0.0
2154,221853.0,222995.0,0.0
2155,221853.0,222996.0,0.0
2156,221853.0,228129.0,0.0
2157,221853.0,222997.0,0.0
2158,221853.0,223000.0,0.0
2159,221853.0,221862.0,0.0
2160,221853.0,226742.0,0.0
2161,221853.0,222999.0,0.0
2162,221853.0,226744.0,0.0
2163,221853.0,226745.0,0.0
2164,221853.0,221865.0,0.0
2165,221853.0,221866.0,0.0
2166,221853.0,227348.0,0.0
2167,221853.0,255319.0,0.0
2168,221853.0,255294.0,0.0
2169,221853.0,255320.0,0.0
2170,221853.0,221872.0,0.0
2171,221853.0,221873.0,0.0
2172,221853.0,223002.0,0.0
2173,221853.0,225154.0,0.0
2174,221853.0,223004.0,0.0
2175,221853.0,257413.0,0.0
2176,221853.0,221874.0,0.0
2177,221853.0,223005.0,0.0
2178,221853.0,227878.0,0.0
2179,221853.0,223006.0,0.0
2180,221853.0,223007.0,0.0
2181,221853.0,221875.0,0.0
2182,221853.0,227069.0,0.0
2183,221853.0,223008.0,0.0
2184,221853.0,221876.0,0.0
2185,221853.0,223009.0,0.0
2186,221853.0,221877.0,0.0
2187,221853.0,223010.0,0.0
2188,221854.0,225509.0,0.0
2189,221854.0,221834.0,0.0
2190,221854.0,221835.0,0.0
2191,221854.0,221837.0,0.0
2192,221854.0,226956.0,0.0
2193,221854.0,227346.0,0.0
2194,221854.0,221838.0,0.0
2195,221854.0,225510.0,0.0
2196,221854.0,225511.0,0.0
2197,221854.0,255827.0,0.0
2198,221854.0,221397.0,0.0
2199,221854.0,225512.0,0.0
2200,221854.0,225513.0,0.0
2201,221854.0,221398.0,0.0
2202,221854.0,257329.0,0.0
2203,221854.0,221842.0,0.0
2204,221854.0,221843.0,0.0
2205,221854.0,221844.0,0.0
2206,221854.0,254359.0,0.0
2207,221854.0,221845.0,0.0
2208,221854.0,221846.0,0.0
2209,221854.0,255115.0,0.0
2210,221854.0,255116.0,0.0
2211,221854.0,221847.0,0.0
2212,221854.0,221849.0,0.0
2213,221854.0,221851.0,0.0
2214,221854.0,254879.0,0.0
2215,221854.0,221853.0,0.0
2216,221854.0,221854.0,0.0
2217,221854.0,221856.0,0.0
2218,221854.0,222994.0,0.0
2219,221854.0,259486.0,0.0
2220,221854.0,225515.0,0.0
2221,221854.0,258174.0,0.0
2222,221854.0,258175.0,0.0
2223,221854.0,225152.0,0.0
2224,221854.0,257330.0,0.0
2225,221854.0,228324.0,0.0
2226,221854.0,227621.0,0.0
2227,221854.0,222995.0,0.0
2228,221854.0,222996.0,0.0
2229,221854.0,228129.0,0.0
2230,221854.0,222997.0,0.0
2231,221854.0,223000.0,0.0
2232,221854.0,221862.0,0.0
2233,221854.0,226742.0,0.0
2234,221854.0,222999.0,0.0
2235,221854.0,226744.0,0.0
2236,221854.0,226745.0,0.0
2237,221854.0,221865.0,0.0
2238,221854.0,221866.0,0.0
2239,221854.0,227348.0,0.0
2240,221854.0,255319.0,0.0
2241,221854.0,255294.0,0.0
2242,221854.0,255320.0,0.0
2243,221854.0,221872.0,0.0
2244,221854.0,221873.0,0.0
2245,221854.0,223002.0,0.0
2246,221854.0,225154.0,0.0
2247,221854.0,223004.0,0.0
2248,221854.0,257413.0,0.0
2249,221854.0,221874.0,0.0
2250,221854.0,223005.0,0.0
2251,221854.0,227878.0,0.0
2252,221854.0,223006.0,0.0
2253,221854.0,223007.0,0.0
2254,221854.0,221875.0,0.0
2255,221854.0,227069.0,0.0
2256,221854.0,223008.0,0.0
2257,221854.0,221876.0,0.0
2258,221854.0,223009.0,0.0
2259,221854.0,221877.0,0.0
2260,221854.0,223010.0,0.0
2261,221856.0,225509.0,0.0
2262,221856.0,221834.0,0.0
2263,221856.0,221835.0,0.0
2264,221856.0,221837.0,0.0
2265,221856.0,226956.0,0.0
2266,221856.0,227346.0,0.0
2267,221856.0,221838.0,0.0
2268,221856.0,225510.0,0.0
2269,221856.0,225511.0,0.0
2270,221856.0,255827.0,0.0
2271,221856.0,221397.0,0.0
2272,221856.0,225512.0,0.0
2273,221856.0,225513.0,0.0
2274,221856.0,221398.0,0.0
2275,221856.0,257329.0,0.0
2276,221856.0,221842.0,0.0
2277,221856.0,221843.0,0.0
2278,221856.0,221844.0,0.0
2279,221856.0,254359.0,0.0
2280,221856.0,221845.0,0.0
2281,221856.0,221846.0,0.0
2282,221856.0,255115.0,0.0
2283,221856.0,255116.0,0.0
2284,221856.0,221847.0,0.0
2285,221856.0,221849.0,0.0
2286,221856.0,221851.0,0.0
2287,221856.0,254879.0,0.0
2288,221856.0,221853.0,0.0
2289,221856.0,221854.0,0.0
2290,221856.0,221856.0,0.0
2291,221856.0,222994.0,0.0
2292,221856.0,259486.0,0.0
2293,221856.0,225515.0,0.0
2294,221856.0,258174.0,0.0
2295,221856.0,258175.0,0.0
2296,221856.0,225152.0,0.0
2297,221856.0,257330.0,0.0
2298,221856.0,228324.0,0.0
2299,221856.0,227621.0,0.0
2300,221856.0,222995.0,0.0
2301,221856.0,222996.0,0.0
2302,221856.0,228129.0,0.0
2303,221856.0,222997.0,0.0
2304,221856.0,223000.0,0.0
2305,221856.0,221862.0,0.0
2306,221856.0,226742.0,0.0
2307,221856.0,222999.0,0.0
2308,221856.0,226744.0,0.0
2309,221856.0,226745.0,0.0
2310,221856.0,221865.0,0.0
2311,221856.0,221866.0,0.0
2312,221856.0,227348.0,0.0
2313,221856.0,255319.0,0.0
2314,221856.0,255294.0,0.0
2315,221856.0,255320.0,0.0
2316,221856.0,221872.0,0.0
2317,221856.0,221873.0,0.0
2318,221856.0,223002.0,0.0
2319,221856.0,225154.0,0.0
2320,221856.0,223004.0,0.0
2321,221856.0,257413.0,0.0
2322,221856.0,221874.0,0.0
2323,221856.0,223005.0,0.0
2324,221856.0,227878.0,0.0
2325,221856.0,223006.0,0.0
2326,221856.0,223007.0,0.0
2327,221856.0,221875.0,0.0
2328,221856.0,227069.0,0.0
2329,221856.0,223008.0,0.0
2330,221856.0,221876.0,0.0
2331,221856.0,223009.0,0.0
2332,221856.0,221877.0,0.0
2333,221856.0,223010.0,0.0
2334,222994.0,225509.0,0.0
2335,222994.0,221834.0,0.0
2336,222994.0,221835.0,0.0
2337,222994.0,221837.0,0.0
2338,222994.0,226956.0,0.0
2339,222994.0,227346.0,0.0
2340,222994.0,221838.0,0.0
2341,222994.0,225510.0,0.0
2342,222994.0,225511.0,0.0
2343,222994.0,255827.0,0.0
2344,222994.0,221397.0,0.0
2345,222994.0,225512.0,0.0
2346,222994.0,225513.0,0.0
2347,222994.0,221398.0,0.0
2348,222994.0,257329.0,0.0
2349,222994.0,221842.0,0.0
2350,222994.0,221843.0,0.0
2351,222994.0,221844.0,0.0
2352,222994.0,254359.0,0.0
2353,222994.0,221845.0,0.0
2354,222994.0,221846.0,0.0
2355,222994.0,255115.0,0.0
2356,222994.0,255116.0,0.0
2357,222994.0,221847.0,0.0
2358,222994.0,221849.0,0.0
2359,222994.0,221851.0,0.0
2360,222994.0,254879.0,0.0
2361,222994.0,221853.0,0.0
2362,222994.0,221854.0,0.0
2363,222994.0,221856.0,0.0
2364,222994.0,222994.0,0.0
2365,222994.0,259486.0,0.0
2366,222994.0,225515.0,0.0
2367,222994.0,258174.0,0.0
2368,222994.0,258175.0,0.0
2369,222994.0,225152.0,0.0
2370,222994.0,257330.0,0.0
2371,222994.0,228324.0,0.0
2372,222994.0,227621.0,0.0
2373,222994.0,222995.0,0.0
2374,222994.0,222996.0,0.0
2375,222994.0,228129.0,0.0
2376,222994.0,222997.0,0.0
2377,222994.0,223000.0,0.0
2378,222994.0,221862.0,0.0
2379,222994.0,226742.0,0.0
2380,222994.0,222999.0,0.0
2381,222994.0,226744.0,0.0
2382,222994.0,226745.0,0.0
2383,222994.0,221865.0,0.0
2384,222994.0,221866.0,0.0
2385,222994.0,227348.0,0.0
2386,222994.0,255319.0,0.0
2387,222994.0,255294.0,0.0
2388,222994.0,255320.0,0.0
2389,222994.0,221872.0,0.0
2390,222994.0,221873.0,0.0
2391,222994.0,223002.0,0.0
2392,222994.0,225154.0,0.0
2393,222994.0,223004.0,0.0
2394,222994.0,257413.0,0.0
2395,222994.0,221874.0,0.0
2396,222994.0,223005.0,0.0
2397,222994.0,227878.0,0.0
2398,222994.0,223006.0,0.0
2399,222994.0,223007.0,0.0
2400,222994.0,221875.0,0.0
2401,222994.0,227069.0,0.0
2402,222994.0,223008.0,0.0
2403,222994.0,221876.0,0.0
2404,222994.0,223009.0,0.0
2405,222994.0,221877.0,0.0
2406,222994.0,223010.0,0.0
2407,259486.0,225509.0,0.0
2408,259486.0,221834.0,0.0
2409,259486.0,221835.0,0.0
2410,259486.0,221837.0,0.0
2411,259486.0,226956.0,0.0
2412,259486.0,227346.0,0.0
2413,259486.0,221838.0,0.0
2414,259486.0,225510.0,0.0
2415,259486.0,225511.0,0.0
2416,259486.0,255827.0,0.0
2417,259486.0,221397.0,0.0
2418,259486.0,225512.0,0.0
2419,259486.0,225513.0,0.0
2420,259486.0,221398.0,0.0
2421,259486.0,257329.0,0.0
2422,259486.0,221842.0,0.0
2423,259486.0,221843.0,0.0
2424,259486.0,221844.0,0.0
2425,259486.0,254359.0,0.0
2426,259486.0,221845.0,0.0
2427,259486.0,221846.0,0.0
2428,259486.0,255115.0,0.0
2429,259486.0,255116.0,0.0
2430,259486.0,221847.0,0.0
2431,259486.0,221849.0,0.0
2432,259486.0,221851.0,0.0
2433,259486.0,254879.0,0.0
2434,259486.0,221853.0,0.0
2435,259486.0,221854.0,0.0
2436,259486.0,221856.0,0.0
2437,259486.0,222994.0,0.0
2438,259486.0,259486.0,0.0
2439,259486.0,225515.0,0.0
2440,259486.0,258174.0,0.0
2441,259486.0,258175.0,0.0
2442,259486.0,225152.0,0.0
2443,259486.0,257330.0,0.0
2444,259486.0,228324.0,0.0
2445,259486.0,227621.0,0.0
2446,259486.0,222995.0,0.0
2447,259486.0,222996.0,0.0
2448,259486.0,228129.0,0.0
2449,259486.0,222997.0,0.0
2450,259486.0,223000.0,0.0
2451,259486.0,221862.0,0.0
2452,259486.0,226742.0,0.0
2453,259486.0,222999.0,0.0
2454,259486.0,226744.0,0.0
2455,259486.0,226745.0,0.0
2456,259486.0,221865.0,0.0
2457,259486.0,221866.0,0.0
2458,259486.0,227348.0,0.0
2459,259486.0,255319.0,0.0
2460,259486.0,255294.0,0.0
2461,259486.0,255320.0,0.0
2462,259486.0,221872.0,0.0
2463,259486.0,221873.0,0.0
2464,259486.0,223002.0,0.0
2465,259486.0,225154.0,0.0
2466,259486.0,223004.0,0.0
2467,259486.0,257413.0,0.0
2468,259486.0,221874.0,0.0
2469,259486.0,223005.0,0.0
2470,259486.0,227878.0,0.0
2471,259486.0,223006.0,0.0
2472,259486.0,223007.0,0.0
2473,259486.0,221875.0,0.0
2474,259486.0,227069.0,0.0
2475,259486.0,223008.0,0.0
2476,259486.0,221876.0,0.0
2477,259486.0,223009.0,0.0
2478,259486.0,221877.0,0.0
2479,259486.0,223010.0,0.0
2480,225515.0,225509.0,0.0
2481,225515.0,221834.0,0.0
2482,225515.0,221835.0,0.0
2483,225515.0,221837.0,0.0
2484,225515.0,226956.0,0.0
2485,225515.0,227346.0,0.0
2486,225515.0,221838.0,0.0
2487,225515.0,225510.0,0.0
2488,225515.0,225511.0,0.0
2489,225515.0,255827.0,0.0
2490,225515.0,221397.0,0.0
2491,225515.0,225512.0,0.0
2492,225515.0,225513.0,0.0
2493,225515.0,221398.0,0.0
2494,225515.0,257329.0,0.0
2495,225515.0,221842.0,0.0
2496,225515.0,221843.0,0.0
2497,225515.0,221844.0,0.0
2498,225515.0,254359.0,0.0
2499,225515.0,221845.0,0.0
2500,225515.0,221846.0,0.0
2501,225515.0,255115.0,0.0
2502,225515.0,255116.0,0.0
2503,225515.0,221847.0,0.0
2504,225515.0,221849.0,0.0
2505,225515.0,221851.0,0.0
2506,225515.0,254879.0,0.0
2507,225515.0,221853.0,0.0
2508,225515.0,221854.0,0.0
2509,225515.0,221856.0,0.0
2510,225515.0,222994.0,0.0
2511,225515.0,259486.0,0.0
2512,225515.0,225515.0,0.0
2513,225515.0,258174.0,0.0
2514,225515.0,258175.0,0.0
2515,225515.0,225152.0,0.0
2516,225515.0,257330.0,0.0
2517,225515.0,228324.0,0.0
2518,225515.0,227621.0,0.0
2519,225515.0,222995.0,0.0
2520,225515.0,222996.0,0.0
2521,225515.0,228129.0,0.0
2522,225515.0,222997.0,0.0
2523,225515.0,223000.0,0.0
2524,225515.0,221862.0,0.0
2525,225515.0,226742.0,0.0
2526,225515.0,222999.0,0.0
2527,225515.0,226744.0,0.0
2528,225515.0,226745.0,0.0
2529,225515.0,221865.0,0.0
2530,225515.0,221866.0,0.0
2531,225515.0,227348.0,0.0
2532,225515.0,255319.0,0.0
2533,225515.0,255294.0,0.0
2534,225515.0,255320.0,0.0
2535,225515.0,221872.0,0.0
2536,225515.0,221873.0,0.0
2537,225515.0,223002.0,0.0
2538,225515.0,225154.0,0.0
2539,225515.0,223004.0,0.0
2540,225515.0,257413.0,0.0
2541,225515.0,221874.0,0.0
2542,225515.0,223005.0,0.0
2543,225515.0,227878.0,0.0
2544,225515.0,223006.0,0.0
2545,225515.0,223007.0,0.0
2546,225515.0,221875.0,0.0
2547,225515.0,227069.0,0.0
2548,225515.0,223008.0,0.0
2549,225515.0,221876.0,0.0
2550,225515.0,223009.0,0.0
2551,225515.0,221877.0,0.0
2552,225515.0,223010.0,0.0
2553,258174.0,225509.0,0.0
2554,258174.0,221834.0,0.0
2555,258174.0,221835.0,0.0
2556,258174.0,221837.0,0.0
2557,258174.0,226956.0,0.0
2558,258174.0,227346.0,0.0
2559,258174.0,221838.0,0.0
2560,258174.0,225510.0,0.0
2561,258174.0,225511.0,0.0
2562,258174.0,255827.0,0.0
2563,258174.0,221397.0,0.0
2564,258174.0,225512.0,0.0
2565,258174.0,225513.0,0.0
2566,258174.0,221398.0,0.0
2567,258174.0,257329.0,0.0
2568,258174.0,221842.0,0.0
2569,258174.0,221843.0,0.0
2570,258174.0,221844.0,0.0
2571,258174.0,254359.0,0.0
2572,258174.0,221845.0,0.0
2573,258174.0,221846.0,0.0
2574,258174.0,255115.0,0.0
2575,258174.0,255116.0,0.0
2576,258174.0,221847.0,0.0
2577,258174.0,221849.0,0.0
2578,258174.0,221851.0,0.0
2579,258174.0,254879.0,0.0
2580,258174.0,221853.0,0.0
2581,258174.0,221854.0,0.0
2582,258174.0,221856.0,0.0
2583,258174.0,222994.0,0.0
2584,258174.0,259486.0,0.0
2585,258174.0,225515.0,0.0
2586,258174.0,258174.0,0.0
2587,258174.0,258175.0,0.0
2588,258174.0,225152.0,0.0
2589,258174.0,257330.0,0.0
2590,258174.0,228324.0,0.0
2591,258174.0,227621.0,0.0
2592,258174.0,222995.0,0.0
2593,258174.0,222996.0,0.0
2594,258174.0,228129.0,0.0
2595,258174.0,222997.0,0.0
2596,258174.0,223000.0,0.0
2597,258174.0,221862.0,0.0
2598,258174.0,226742.0,0.0
2599,258174.0,222999.0,0.0
2600,258174.0,226744.0,0.0
2601,258174.0,226745.0,0.0
2602,258174.0,221865.0,0.0
2603,258174.0,221866.0,0.0
2604,258174.0,227348.0,0.0
2605,258174.0,255319.0,0.0
2606,258174.0,255294.0,0.0
2607,258174.0,255320.0,0.0
2608,258174.0,221872.0,0.0
2609,258174.0,221873.0,0.0
2610,258174.0,223002.0,0.0
2611,258174.0,225154.0,0.0
2612,258174.0,223004.0,0.0
2613,258174.0,257413.0,0.0
2614,258174.0,221874.0,0.0
2615,258174.0,223005.0,0.0
2616,258174.0,227878.0,0.0
2617,258174.0,223006.0,0.0
2618,258174.0,223007.0,0.0
2619,258174.0,221875.0,0.0
2620,258174.0,227069.0,0.0
2621,258174.0,223008.0,0.0
2622,258174.0,221876.0,0.0
2623,258174.0,223009.0,0.0
2624,258174.0,221877.0,0.0
2625,258174.0,223010.0,0.0
2626,258175.0,225509.0,0.0
2627,258175.0,221834.0,0.0
2628,258175.0,221835.0,0.0
2629,258175.0,221837.0,0.0
2630,258175.0,226956.0,0.0
2631,258175.0,227346.0,0.0
2632,258175.0,221838.0,0.0
2633,258175.0,225510.0,0.0
2634,258175.0,225511.0,0.0
2635,258175.0,255827.0,0.0
2636,258175.0,221397.0,0.0
2637,258175.0,225512.0,0.0
2638,258175.0,225513.0,0.0
2639,258175.0,221398.0,0.0
2640,258175.0,257329.0,0.0
2641,258175.0,221842.0,0.0
2642,258175.0,221843.0,0.0
2643,258175.0,221844.0,0.0
2644,258175.0,254359.0,0.0
2645,258175.0,221845.0,0.0
2646,258175.0,221846.0,0.0
2647,258175.0,255115.0,0.0
2648,258175.0,255116.0,0.0
2649,258175.0,221847.0,0.0
2650,258175.0,221849.0,0.0
2651,258175.0,221851.0,0.0
2652,258175.0,254879.0,0.0
2653,258175.0,221853.0,0.0
2654,258175.0,221854.0,0.0
2655,258175.0,221856.0,0.0
2656,258175.0,222994.0,0.0
2657,258175.0,259486.0,0.0
2658,258175.0,225515.0,0.0
2659,258175.0,258174.0,0.0
2660,258175.0,258175.0,0.0
2661,258175.0,225152.0,0.0
2662,258175.0,257330.0,0.0
2663,258175.0,228324.0,0.0
2664,258175.0,227621.0,0.0
2665,258175.0,222995.0,0.0
2666,258175.0,222996.0,0.0
2667,258175.0,228129.0,0.0
2668,258175.0,222997.0,0.0
2669,258175.0,223000.0,0.0
2670,258175.0,221862.0,0.0
2671,258175.0,226742.0,0.0
2672,258175.0,222999.0,0.0
2673,258175.0,226744.0,0.0
2674,258175.0,226745.0,0.0
2675,258175.0,221865.0,0.0
2676,258175.0,221866.0,0.0
2677,258175.0,227348.0,0.0
2678,258175.0,255319.0,0.0
2679,258175.0,255294.0,0.0
2680,258175.0,255320.0,0.0
2681,258175.0,221872.0,0.0
2682,258175.0,221873.0,0.0
2683,258175.0,223002.0,0.0
2684,258175.0,225154.0,0.0
2685,258175.0,223004.0,0.0
2686,258175.0,257413.0,0.0
2687,258175.0,221874.0,0.0
2688,258175.0,223005.0,0.0
2689,258175.0,227878.0,0.0
2690,258175.0,223006.0,0.0
2691,258175.0,223007.0,0.0
2692,258175.0,221875.0,0.0
2693,258175.0,227069.0,0.0
2694,258175.0,223008.0,0.0
2695,258175.0,221876.0,0.0
2696,258175.0,223009.0,0.0
2697,258175.0,221877.0,0.0
2698,258175.0,223010.0,0.0
2699,225152.0,225509.0,0.0
2700,225152.0,221834.0,0.0
2701,225152.0,221835.0,0.0
2702,225152.0,221837.0,0.0
2703,225152.0,226956.0,0.0
2704,225152.0,227346.0,0.0
2705,225152.0,221838.0,0.0
2706,225152.0,225510.0,0.0
2707,225152.0,225511.0,0.0
2708,225152.0,255827.0,0.0
2709,225152.0,221397.0,0.0
2710,225152.0,225512.0,0.0
2711,225152.0,225513.0,0.0
2712,225152.0,221398.0,0.0
2713,225152.0,257329.0,0.0
2714,225152.0,221842.0,0.0
2715,225152.0,221843.0,0.0
2716,225152.0,221844.0,0.0
2717,225152.0,254359.0,0.0
2718,225152.0,221845.0,0.0
2719,225152.0,221846.0,0.0
2720,225152.0,255115.0,0.0
2721,225152.0,255116.0,0.0
2722,225152.0,221847.0,0.0
2723,225152.0,221849.0,0.0
2724,225152.0,221851.0,0.0
2725,225152.0,254879.0,0.0
2726,225152.0,221853.0,0.0
2727,225152.0,221854.0,0.0
2728,225152.0,221856.0,0.0
2729,225152.0,222994.0,0.0
2730,225152.0,259486.0,0.0
2731,225152.0,225515.0,0.0
2732,225152.0,258174.0,0.0
2733,225152.0,258175.0,0.0
2734,225152.0,225152.0,0.0
2735,225152.0,257330.0,0.0
2736,225152.0,228324.0,0.0
2737,225152.0,227621.0,0.0
2738,225152.0,222995.0,0.0
2739,225152.0,222996.0,0.0
2740,225152.0,228129.0,0.0
2741,225152.0,222997.0,0.0
2742,225152.0,223000.0,0.0
2743,225152.0,221862.0,0.0
2744,225152.0,226742.0,0.0
2745,225152.0,222999.0,0.0
2746,225152.0,226744.0,0.0
2747,225152.0,226745.0,0.0
2748,225152.0,221865.0,0.0
2749,225152.0,221866.0,0.0
2750,225152.0,227348.0,0.0
2751,225152.0,255319.0,0.0
2752,225152.0,255294.0,0.0
2753,225152.0,255320.0,0.0
2754,225152.0,221872.0,0.0
2755,225152.0,221873.0,0.0
2756,225152.0,223002.0,0.0
2757,225152.0,225154.0,0.0
2758,225152.0,223004.0,0.0
2759,225152.0,257413.0,0.0
2760,225152.0,221874.0,0.0
2761,225152.0,223005.0,0.0
2762,225152.0,227878.0,0.0
2763,225152.0,223006.0,0.0
2764,225152.0,223007.0,0.0
2765,225152.0,221875.0,0.0
2766,225152.0,227069.0,0.0
2767,225152.0,223008.0,0.0
2768,225152.0,221876.0,0.0
2769,225152.0,223009.0,0.0
2770,225152.0,221877.0,0.0
2771,225152.0,223010.0,0.0
2772,257330.0,225509.0,0.0
2773,257330.0,221834.0,0.0
2774,257330.0,221835.0,0.0
2775,257330.0,221837.0,0.0
2776,257330.0,226956.0,0.0
2777,257330.0,227346.0,0.0
2778,257330.0,221838.0,0.0
2779,257330.0,225510.0,0.0
2780,257330.0,225511.0,0.0
2781,257330.0,255827.0,0.0
2782,257330.0,221397.0,0.0
2783,257330.0,225512.0,0.0
2784,257330.0,225513.0,0.0
2785,257330.0,221398.0,0.0
2786,257330.0,257329.0,0.0
2787,257330.0,221842.0,0.0
2788,257330.0,221843.0,0.0
2789,257330.0,221844.0,0.0
2790,257330.0,254359.0,0.0
2791,257330.0,221845.0,0.0
2792,257330.0,221846.0,0.0
2793,257330.0,255115.0,0.0
2794,257330.0,255116.0,0.0
2795,257330.0,221847.0,0.0
2796,257330.0,221849.0,0.0
2797,257330.0,221851.0,0.0
2798,257330.0,254879.0,0.0
2799,257330.0,221853.0,0.0
2800,257330.0,221854.0,0.0
2801,257330.0,221856.0,0.0
2802,257330.0,222994.0,0.0
2803,257330.0,259486.0,0.0
2804,257330.0,225515.0,0.0
2805,257330.0,258174.0,0.0
2806,257330.0,258175.0,0.0
2807,257330.0,225152.0,0.0
2808,257330.0,257330.0,0.0
2809,257330.0,228324.0,0.0
2810,257330.0,227621.0,0.0
2811,257330.0,222995.0,0.0
2812,257330.0,222996.0,0.0
2813,257330.0,228129.0,0.0
2814,257330.0,222997.0,0.0
2815,257330.0,223000.0,0.0
2816,257330.0,221862.0,0.0
2817,257330.0,226742.0,0.0
2818,257330.0,222999.0,0.0
2819,257330.0,226744.0,0.0
2820,257330.0,226745.0,0.0
2821,257330.0,221865.0,0.0
2822,257330.0,221866.0,0.0
2823,257330.0,227348.0,0.0
2824,257330.0,255319.0,0.0
2825,257330.0,255294.0,0.0
2826,257330.0,255320.0,0.0
2827,257330.0,221872.0,0.0
2828,257330.0,221873.0,0.0
2829,257330.0,223002.0,0.0
2830,257330.0,225154.0,0.0
2831,257330.0,223004.0,0.0
2832,257330.0,257413.0,0.0
2833,257330.0,221874.0,0.0
2834,257330.0,223005.0,0.0
2835,257330.0,227878.0,0.0
2836,257330.0,223006.0,0.0
2837,257330.0,223007.0,0.0
2838,257330.0,221875.0,0.0
2839,257330.0,227069.0,0.0
2840,257330.0,223008.0,0.0
2841,257330.0,221876.0,0.0
2842,257330.0,223009.0,0.0
2843,257330.0,221877.0,0.0
2844,257330.0,223010.0,0.0
2845,228324.0,225509.0,0.0
2846,228324.0,221834.0,0.0
2847,228324.0,221835.0,0.0
2848,228324.0,221837.0,0.0
2849,228324.0,226956.0,0.0
2850,228324.0,227346.0,0.0
2851,228324.0,221838.0,0.0
2852,228324.0,225510.0,0.0
2853,228324.0,225511.0,0.0
2854,228324.0,255827.0,0.0
2855,228324.0,221397.0,0.0
2856,228324.0,225512.0,0.0
2857,228324.0,225513.0,0.0
2858,228324.0,221398.0,0.0
2859,228324.0,257329.0,0.0
2860,228324.0,221842.0,0.0
2861,228324.0,221843.0,0.0
2862,228324.0,221844.0,0.0
2863,228324.0,254359.0,0.0
2864,228324.0,221845.0,0.0
2865,228324.0,221846.0,0.0
2866,228324.0,255115.0,0.0
2867,228324.0,255116.0,0.0
2868,228324.0,221847.0,0.0
2869,228324.0,221849.0,0.0
2870,228324.0,221851.0,0.0
2871,228324.0,254879.0,0.0
2872,228324.0,221853.0,0.0
2873,228324.0,221854.0,0.0
2874,228324.0,221856.0,0.0
2875,228324.0,222994.0,0.0
2876,228324.0,259486.0,0.0
2877,228324.0,225515.0,0.0
2878,228324.0,258174.0,0.0
2879,228324.0,258175.0,0.0
2880,228324.0,225152.0,0.0
2881,228324.0,257330.0,0.0
2882,228324.0,228324.0,0.0
2883,228324.0,227621.0,0.0
2884,228324.0,222995.0,0.0
2885,228324.0,222996.0,0.0
2886,228324.0,228129.0,0.0
2887,228324.0,222997.0,0.0
2888,228324.0,223000.0,0.0
2889,228324.0,221862.0,0.0
2890,228324.0,226742.0,0.0
2891,228324.0,222999.0,0.0
2892,228324.0,226744.0,0.0
2893,228324.0,226745.0,0.0
2894,228324.0,221865.0,0.0
2895,228324.0,221866.0,0.0
2896,228324.0,227348.0,0.0
2897,228324.0,255319.0,0.0
2898,228324.0,255294.0,0.0
2899,228324.0,255320.0,0.0
2900,228324.0,221872.0,0.0
2901,228324.0,221873.0,0.0
2902,228324.0,223002.0,0.0
2903,228324.0,225154.0,0.0
2904,228324.0,223004.0,0.0
2905,228324.0,257413.0,0.0
2906,228324.0,221874.0,0.0
2907,228324.0,223005.0,0.0
2908,228324.0,227878.0,0.0
2909,228324.0,223006.0,0.0
2910,228324.0,223007.0,0.0
2911,228324.0,221875.0,0.0
2912,228324.0,227069.0,0.0
2913,228324.0,223008.0,0.0
2914,228324.0,221876.0,0.0
2915,228324.0,223009.0,0.0
2916,228324.0,221877.0,0.0
2917,228324.0,223010.0,0.0
2918,227621.0,225509.0,0.0
2919,227621.0,221834.0,0.0
2920,227621.0,221835.0,0.0
2921,227621.0,221837.0,0.0
2922,227621.0,226956.0,0.0
2923,227621.0,227346.0,0.0
2924,227621.0,221838.0,0.0
2925,227621.0,225510.0,0.0
2926,227621.0,225511.0,0.0
2927,227621.0,255827.0,0.0
2928,227621.0,221397.0,0.0
2929,227621.0,225512.0,0.0
2930,227621.0,225513.0,0.0
2931,227621.0,221398.0,0.0
2932,227621.0,257329.0,0.0
2933,227621.0,221842.0,0.0
2934,227621.0,221843.0,0.0
2935,227621.0,221844.0,0.0
2936,227621.0,254359.0,0.0
2937,227621.0,221845.0,0.0
2938,227621.0,221846.0,0.0
2939,227621.0,255115.0,0.0
2940,227621.0,255116.0,0.0
2941,227621.0,221847.0,0.0
2942,227621.0,221849.0,0.0
2943,227621.0,221851.0,0.0
2944,227621.0,254879.0,0.0
2945,227621.0,221853.0,0.0
2946,227621.0,221854.0,0.0
2947,227621.0,221856.0,0.0
2948,227621.0,222994.0,0.0
2949,227621.0,259486.0,0.0
2950,227621.0,225515.0,0.0
2951,227621.0,258174.0,0.0
2952,227621.0,258175.0,0.0
2953,227621.0,225152.0,0.0
2954,227621.0,257330.0,0.0
2955,227621.0,228324.0,0.0
2956,227621.0,227621.0,0.0
2957,227621.0,222995.0,0.0
2958,227621.0,222996.0,0.0
2959,227621.0,228129.0,0.0
2960,227621.0,222997.0,0.0
2961,227621.0,223000.0,0.0
2962,227621.0,221862.0,0.0
2963,227621.0,226742.0,0.0
2964,227621.0,222999.0,0.0
2965,227621.0,226744.0,0.0
2966,227621.0,226745.0,0.0
2967,227621.0,221865.0,0.0
2968,227621.0,221866.0,0.0
2969,227621.0,227348.0,0.0
2970,227621.0,255319.0,0.0
2971,227621.0,255294.0,0.0
2972,227621.0,255320.0,0.0
2973,227621.0,221872.0,0.0
2974,227621.0,221873.0,0.0
2975,227621.0,223002.0,0.0
2976,227621.0,225154.0,0.0
2977,227621.0,223004.0,0.0
2978,227621.0,257413.0,0.0
2979,227621.0,221874.0,0.0
2980,227621.0,223005.0,0.0
2981,227621.0,227878.0,0.0
2982,227621.0,223006.0,0.0
2983,227621.0,223007.0,0.0
2984,227621.0,221875.0,0.0
2985,227621.0,227069.0,0.0
2986,227621.0,223008.0,0.0
2987,227621.0,221876.0,0.0
2988,227621.0,223009.0,0.0
2989,227621.0,221877.0,0.0
2990,227621.0,223010.0,0.0
2991,222995.0,225509.0,0.0
2992,222995.0,221834.0,0.0
2993,222995.0,221835.0,0.0
2994,222995.0,221837.0,0.0
2995,222995.0,226956.0,0.0
2996,222995.0,227346.0,0.0
2997,222995.0,221838.0,0.0
2998,222995.0,225510.0,0.0
2999,222995.0,225511.0,0.0
3000,222995.0,255827.0,0.0
3001,222995.0,221397.0,0.0
3002,222995.0,225512.0,0.0
3003,222995.0,225513.0,0.0
3004,222995.0,221398.0,0.0
3005,222995.0,257329.0,0.0
3006,222995.0,221842.0,0.0
3007,222995.0,221843.0,0.0
3008,222995.0,221844.0,0.0
3009,222995.0,254359.0,0.0
3010,222995.0,221845.0,0.0
3011,222995.0,221846.0,0.0
3012,222995.0,255115.0,0.0
3013,222995.0,255116.0,0.0
3014,222995.0,221847.0,0.0
3015,222995.0,221849.0,0.0
3016,222995.0,221851.0,0.0
3017,222995.0,254879.0,0.0
3018,222995.0,221853.0,0.0
3019,222995.0,221854.0,0.0
3020,222995.0,221856.0,0.0
3021,222995.0,222994.0,0.0
3022,222995.0,259486.0,0.0
3023,222995.0,225515.0,0.0
3024,222995.0,258174.0,0.0
3025,222995.0,258175.0,0.0
3026,222995.0,225152.0,0.0
3027,222995.0,257330.0,0.0
3028,222995.0,228324.0,0.0
3029,222995.0,227621.0,0.0
3030,222995.0,222995.0,0.0
3031,222995.0,222996.0,0.0
3032,222995.0,228129.0,0.0
3033,222995.0,222997.0,0.0
3034,222995.0,223000.0,0.0
3035,222995.0,221862.0,0.0
3036,222995.0,226742.0,0.0
3037,222995.0,222999.0,0.0
3038,222995.0,226744.0,0.0
3039,222995.0,226745.0,0.0
3040,222995.0,221865.0,0.0
3041,222995.0,221866.0,0.0
3042,222995.0,227348.0,0.0
3043,222995.0,255319.0,0.0
3044,222995.0,255294.0,0.0
3045,222995.0,255320.0,0.0
3046,222995.0,221872.0,0.0
3047,222995.0,221873.0,0.0
3048,222995.0,223002.0,0.0
3049,222995.0,225154.0,0.0
3050,222995.0,223004.0,0.0
3051,222995.0,257413.0,0.0
3052,222995.0,221874.0,0.0
3053,222995.0,223005.0,0.0
3054,222995.0,227878.0,0.0
3055,222995.0,223006.0,0.0
3056,222995.0,223007.0,0.0
3057,222995.0,221875.0,0.0
3058,222995.0,227069.0,0.0
3059,222995.0,223008.0,0.0
3060,222995.0,221876.0,0.0
3061,222995.0,223009.0,0.0
3062,222995.0,221877.0,0.0
3063,222995.0,223010.0,0.0
3064,222996.0,225509.0,0.0
3065,222996.0,221834.0,0.0
3066,222996.0,221835.0,0.0
3067,222996.0,221837.0,0.0
3068,222996.0,226956.0,0.0
3069,222996.0,227346.0,0.0
3070,222996.0,221838.0,0.0
3071,222996.0,225510.0,0.0
3072,222996.0,225511.0,0.0
3073,222996.0,255827.0,0.0
3074,222996.0,221397.0,0.0
3075,222996.0,225512.0,0.0
3076,222996.0,225513.0,0.0
3077,222996.0,221398.0,0.0
3078,222996.0,257329.0,0.0
3079,222996.0,221842.0,0.0
3080,222996.0,221843.0,0.0
3081,222996.0,221844.0,0.0
3082,222996.0,254359.0,0.0
3083,222996.0,221845.0,0.0
3084,222996.0,221846.0,0.0
3085,222996.0,255115.0,0.0
3086,222996.0,255116.0,0.0
3087,222996.0,221847.0,0.0
3088,222996.0,221849.0,0.0
3089,222996.0,221851.0,0.0
3090,222996.0,254879.0,0.0
3091,222996.0,221853.0,0.0
3092,222996.0,221854.0,0.0
3093,222996.0,221856.0,0.0
3094,222996.0,222994.0,0.0
3095,222996.0,259486.0,0.0
3096,222996.0,225515.0,0.0
3097,222996.0,258174.0,0.0
3098,222996.0,258175.0,0.0
3099,222996.0,225152.0,0.0
3100,222996.0,257330.0,0.0
3101,222996.0,228324.0,0.0
3102,222996.0,227621.0,0.0
3103,222996.0,222995.0,0.0
3104,222996.0,222996.0,0.0
3105,222996.0,228129.0,0.0
3106,222996.0,222997.0,0.0
3107,222996.0,223000.0,0.0
3108,222996.0,221862.0,0.0
3109,222996.0,226742.0,0.0
3110,222996.0,222999.0,0.0
3111,222996.0,226744.0,0.0
3112,222996.0,226745.0,0.0
3113,222996.0,221865.0,0.0
3114,222996.0,221866.0,0.0
3115,222996.0,227348.0,0.0
3116,222996.0,255319.0,0.0
3117,222996.0,255294.0,0.0
3118,222996.0,255320.0,0.0
3119,222996.0,221872.0,0.0
3120,222996.0,221873.0,0.0
3121,222996.0,223002.0,0.0
3122,222996.0,225154.0,0.0
3123,222996.0,223004.0,0.0
3124,222996.0,257413.0,0.0
3125,222996.0,221874.0,0.0
3126,222996.0,223005.0,0.0
3127,222996.0,227878.0,0.0
3128,222996.0,223006.0,0.0
3129,222996.0,223007.0,0.0
3130,222996.0,221875.0,0.0
3131,222996.0,227069.0,0.0
3132,222996.0,223008.0,0.0
3133,222996.0,221876.0,0.0
3134,222996.0,223009.0,0.0
3135,222996.0,221877.0,0.0
3136,222996.0,223010.0,0.0
3137,228129.0,225509.0,0.0
3138,228129.0,221834.0,0.0
3139,228129.0,221835.0,0.0
3140,228129.0,221837.0,0.0
3141,228129.0,226956.0,0.0
3142,228129.0,227346.0,0.0
3143,228129.0,221838.0,0.0
3144,228129.0,225510.0,0.0
3145,228129.0,225511.0,0.0
3146,228129.0,255827.0,0.0
3147,228129.0,221397.0,0.0
3148,228129.0,225512.0,0.0
3149,228129.0,225513.0,0.0
3150,228129.0,221398.0,0.0
3151,228129.0,257329.0,0.0
3152,228129.0,221842.0,0.0
3153,228129.0,221843.0,0.0
3154,228129.0,221844.0,0.0
3155,228129.0,254359.0,0.0
3156,228129.0,221845.0,0.0
3157,228129.0,221846.0,0.0
3158,228129.0,255115.0,0.0
3159,228129.0,255116.0,0.0
3160,228129.0,221847.0,0.0
3161,228129.0,221849.0,0.0
3162,228129.0,221851.0,0.0
3163,228129.0,254879.0,0.0
3164,228129.0,221853.0,0.0
3165,228129.0,221854.0,0.0
3166,228129.0,221856.0,0.0
3167,228129.0,222994.0,0.0
3168,228129.0,259486.0,0.0
3169,228129.0,225515.0,0.0
3170,228129.0,258174.0,0.0
3171,228129.0,258175.0,0.0
3172,228129.0,225152.0,0.0
3173,228129.0,257330.0,0.0
3174,228129.0,228324.0,0.0
3175,228129.0,227621.0,0.0
3176,228129.0,222995.0,0.0
3177,228129.0,222996.0,0.0
3178,228129.0,228129.0,0.0
3179,228129.0,222997.0,0.0
3180,228129.0,223000.0,0.0
3181,228129.0,221862.0,0.0
3182,228129.0,226742.0,0.0
3183,228129.0,222999.0,0.0
3184,228129.0,226744.0,0.0
3185,228129.0,226745.0,0.0
3186,228129.0,221865.0,0.0
3187,228129.0,221866.0,0.0
3188,228129.0,227348.0,0.0
3189,228129.0,255319.0,0.0
3190,228129.0,255294.0,0.0
3191,228129.0,255320.0,0.0
3192,228129.0,221872.0,0.0
3193,228129.0,221873.0,0.0
3194,228129.0,223002.0,0.0
3195,228129.0,225154.0,0.0
3196,228129.0,223004.0,0.0
3197,228129.0,257413.0,0.0
3198,228129.0,221874.0,0.0
3199,228129.0,223005.0,0.0
3200,228129.0,227878.0,0.0
3201,228129.0,223006.0,0.0
3202,228129.0,223007.0,0.0
3203,228129.0,221875.0,0.0
3204,228129.0,227069.0,0.0
3205,228129.0,223008.0,0.0
3206,228129.0,221876.0,0.0
3207,228129.0,223009.0,0.0
3208,228129.0,221877.0,0.0
3209,228129.0,223010.0,0.0
3210,222997.0,225509.0,0.0
3211,222997.0,221834.0,0.0
3212,222997.0,221835.0,0.0
3213,222997.0,221837.0,0.0
3214,222997.0,226956.0,0.0
3215,222997.0,227346.0,0.0
3216,222997.0,221838.0,0.0
3217,222997.0,225510.0,0.0
3218,222997.0,225511.0,0.0
3219,222997.0,255827.0,0.0
3220,222997.0,221397.0,0.0
3221,222997.0,225512.0,0.0
3222,222997.0,225513.0,0.0
3223,222997.0,221398.0,0.0
3224,222997.0,257329.0,0.0
3225,222997.0,221842.0,0.0
3226,222997.0,221843.0,0.0
3227,222997.0,221844.0,0.0
3228,222997.0,254359.0,0.0
3229,222997.0,221845.0,0.0
3230,222997.0,221846.0,0.0
3231,222997.0,255115.0,0.0
3232,222997.0,255116.0,0.0
3233,222997.0,221847.0,0.0
3234,222997.0,221849.0,0.0
3235,222997.0,221851.0,0.0
3236,222997.0,254879.0,0.0
3237,222997.0,221853.0,0.0
3238,222997.0,221854.0,0.0
3239,222997.0,221856.0,0.0
3240,222997.0,222994.0,0.0
3241,222997.0,259486.0,0.0
3242,222997.0,225515.0,0.0
3243,222997.0,258174.0,0.0
3244,222997.0,258175.0,0.0
3245,222997.0,225152.0,0.0
3246,222997.0,257330.0,0.0
3247,222997.0,228324.0,0.0
3248,222997.0,227621.0,0.0
3249,222997.0,222995.0,0.0
3250,222997.0,222996.0,0.0
3251,222997.0,228129.0,0.0
3252,222997.0,222997.0,0.0
3253,222997.0,223000.0,0.0
3254,222997.0,221862.0,0.0
3255,222997.0,226742.0,0.0
3256,222997.0,222999.0,0.0
3257,222997.0,226744.0,0.0
3258,222997.0,226745.0,0.0
3259,222997.0,221865.0,0.0
3260,222997.0,221866.0,0.0
3261,222997.0,227348.0,0.0
3262,222997.0,255319.0,0.0
3263,222997.0,255294.0,0.0
3264,222997.0,255320.0,0.0
3265,222997.0,221872.0,0.0
3266,222997.0,221873.0,0.0
3267,222997.0,223002.0,0.0
3268,222997.0,225154.0,0.0
3269,222997.0,223004.0,0.0
3270,222997.0,257413.0,0.0
3271,222997.0,221874.0,0.0
3272,222997.0,223005.0,0.0
3273,222997.0,227878.0,0.0
3274,222997.0,223006.0,0.0
3275,222997.0,223007.0,0.0
3276,222997.0,221875.0,0.0
3277,222997.0,227069.0,0.0
3278,222997.0,223008.0,0.0
3279,222997.0,221876.0,0.0
3280,222997.0,223009.0,0.0
3281,222997.0,221877.0,0.0
3282,222997.0,223010.0,0.0
3283,223000.0,225509.0,0.0
3284,223000.0,221834.0,0.0
3285,223000.0,221835.0,0.0
3286,223000.0,221837.0,0.0
3287,223000.0,226956.0,0.0
3288,223000.0,227346.0,0.0
3289,223000.0,221838.0,0.0
3290,223000.0,225510.0,0.0
3291,223000.0,225511.0,0.0
3292,223000.0,255827.0,0.0
3293,223000.0,221397.0,0.0
3294,223000.0,225512.0,0.0
3295,223000.0,225513.0,0.0
3296,223000.0,221398.0,0.0
3297,223000.0,257329.0,0.0
3298,223000.0,221842.0,0.0
3299,223000.0,221843.0,0.0
3300,223000.0,221844.0,0.0
3301,223000.0,254359.0,0.0
3302,223000.0,221845.0,0.0
3303,223000.0,221846.0,0.0
3304,223000.0,255115.0,0.0
3305,223000.0,255116.0,0.0
3306,223000.0,221847.0,0.0
3307,223000.0,221849.0,0.0
3308,223000.0,221851.0,0.0
3309,223000.0,254879.0,0.0
3310,223000.0,221853.0,0.0
3311,223000.0,221854.0,0.0
3312,223000.0,221856.0,0.0
3313,223000.0,222994.0,0.0
3314,223000.0,259486.0,0.0
3315,223000.0,225515.0,0.0
3316,223000.0,258174.0,0.0
3317,223000.0,258175.0,0.0
3318,223000.0,225152.0,0.0
3319,223000.0,257330.0,0.0
3320,223000.0,228324.0,0.0
3321,223000.0,227621.0,0.0
3322,223000.0,222995.0,0.0
3323,223000.0,222996.0,0.0
3324,223000.0,228129.0,0.0
3325,223000.0,222997.0,0.0
3326,223000.0,223000.0,0.0
3327,223000.0,221862.0,0.0
3328,223000.0,226742.0,0.0
3329,223000.0,222999.0,0.0
3330,223000.0,226744.0,0.0
3331,223000.0,226745.0,0.0
3332,223000.0,221865.0,0.0
3333,223000.0,221866.0,0.0
3334,223000.0,227348.0,0.0
3335,223000.0,255319.0,0.0
3336,223000.0,255294.0,0.0
3337,223000.0,255320.0,0.0
3338,223000.0,221872.0,0.0
3339,223000.0,221873.0,0.0
3340,223000.0,223002.0,0.0
3341,223000.0,225154.0,0.0
3342,223000.0,223004.0,0.0
3343,223000.0,257413.0,0.0
3344,223000.0,221874.0,0.0
3345,223000.0,223005.0,0.0
3346,223000.0,227878.0,0.0
3347,223000.0,223006.0,0.0
3348,223000.0,223007.0,0.0
3349,223000.0,221875.0,0.0
3350,223000.0,227069.0,0.0
3351,223000.0,223008.0,0.0
3352,223000.0,221876.0,0.0
3353,223000.0,223009.0,0.0
3354,223000.0,221877.0,0.0
3355,223000.0,223010.0,0.0
3356,221862.0,225509.0,0.0
3357,221862.0,221834.0,0.0
3358,221862.0,221835.0,0.0
3359,221862.0,221837.0,0.0
3360,221862.0,226956.0,0.0
3361,221862.0,227346.0,0.0
3362,221862.0,221838.0,0.0
3363,221862.0,225510.0,0.0
3364,221862.0,225511.0,0.0
3365,221862.0,255827.0,0.0
3366,221862.0,221397.0,0.0
3367,221862.0,225512.0,0.0
3368,221862.0,225513.0,0.0
3369,221862.0,221398.0,0.0
3370,221862.0,257329.0,0.0
3371,221862.0,221842.0,0.0
3372,221862.0,221843.0,0.0
3373,221862.0,221844.0,0.0
3374,221862.0,254359.0,0.0
3375,221862.0,221845.0,0.0
3376,221862.0,221846.0,0.0
3377,221862.0,255115.0,0.0
3378,221862.0,255116.0,0.0
3379,221862.0,221847.0,0.0
3380,221862.0,221849.0,0.0
3381,221862.0,221851.0,0.0
3382,221862.0,254879.0,0.0
3383,221862.0,221853.0,0.0
3384,221862.0,221854.0,0.0
3385,221862.0,221856.0,0.0
3386,221862.0,222994.0,0.0
3387,221862.0,259486.0,0.0
3388,221862.0,225515.0,0.0
3389,221862.0,258174.0,0.0
3390,221862.0,258175.0,0.0
3391,221862.0,225152.0,0.0
3392,221862.0,257330.0,0.0
3393,221862.0,228324.0,0.0
3394,221862.0,227621.0,0.0
3395,221862.0,222995.0,0.0
3396,221862.0,222996.0,0.0
3397,221862.0,228129.0,0.0
3398,221862.0,222997.0,0.0
3399,221862.0,223000.0,0.0
3400,221862.0,221862.0,0.0
3401,221862.0,226742.0,0.0
3402,221862.0,222999.0,0.0
3403,221862.0,226744.0,0.0
3404,221862.0,226745.0,0.0
3405,221862.0,221865.0,0.0
3406,221862.0,221866.0,0.0
3407,221862.0,227348.0,0.0
3408,221862.0,255319.0,0.0
3409,221862.0,255294.0,0.0
3410,221862.0,255320.0,0.0
3411,221862.0,221872.0,0.0
3412,221862.0,221873.0,0.0
3413,221862.0,223002.0,0.0
3414,221862.0,225154.0,0.0
3415,221862.0,223004.0,0.0
3416,221862.0,257413.0,0.0
3417,221862.0,221874.0,0.0
3418,221862.0,223005.0,0.0
3419,221862.0,227878.0,0.0
3420,221862.0,223006.0,0.0
3421,221862.0,223007.0,0.0
3422,221862.0,221875.0,0.0
3423,221862.0,227069.0,0.0
3424,221862.0,223008.0,0.0
3425,221862.0,221876.0,0.0
3426,221862.0,223009.0,0.0
3427,221862.0,221877.0,0.0
3428,221862.0,223010.0,0.0
3429,226742.0,225509.0,0.0
3430,226742.0,221834.0,0.0
3431,226742.0,221835.0,0.0
3432,226742.0,221837.0,0.0
3433,226742.0,226956.0,0.0
3434,226742.0,227346.0,0.0
3435,226742.0,221838.0,0.0
3436,226742.0,225510.0,0.0
3437,226742.0,225511.0,0.0
3438,226742.0,255827.0,0.0
3439,226742.0,221397.0,0.0
3440,226742.0,225512.0,0.0
3441,226742.0,225513.0,0.0
3442,226742.0,221398.0,0.0
3443,226742.0,257329.0,0.0
3444,226742.0,221842.0,0.0
3445,226742.0,221843.0,0.0
3446,226742.0,221844.0,0.0
3447,226742.0,254359.0,0.0
3448,226742.0,221845.0,0.0
3449,226742.0,221846.0,0.0
3450,226742.0,255115.0,0.0
3451,226742.0,255116.0,0.0
3452,226742.0,221847.0,0.0
3453,226742.0,221849.0,0.0
3454,226742.0,221851.0,0.0
3455,226742.0,254879.0,0.0
3456,226742.0,221853.0,0.0
3457,226742.0,221854.0,0.0
3458,226742.0,221856.0,0.0
3459,226742.0,222994.0,0.0
3460,226742.0,259486.0,0.0
3461,226742.0,225515.0,0.0
3462,226742.0,258174.0,0.0
3463,226742.0,258175.0,0.0
3464,226742.0,225152.0,0.0
3465,226742.0,257330.0,0.0
3466,226742.0,228324.0,0.0
3467,226742.0,227621.0,0.0
3468,226742.0,222995.0,0.0
3469,226742.0,222996.0,0.0
3470,226742.0,228129.0,0.0
3471,226742.0,222997.0,0.0
3472,226742.0,223000.0,0.0
3473,226742.0,221862.0,0.0
3474,226742.0,226742.0,0.0
3475,226742.0,222999.0,0.0
3476,226742.0,226744.0,0.0
3477,226742.0,226745.0,0.0
3478,226742.0,221865.0,0.0
3479,226742.0,221866.0,0.0
3480,226742.0,227348.0,0.0
3481,226742.0,255319.0,0.0
3482,226742.0,255294.0,0.0
3483,226742.0,255320.0,0.0
3484,226742.0,221872.0,0.0
3485,226742.0,221873.0,0.0
3486,226742.0,223002.0,0.0
3487,226742.0,225154.0,0.0
3488,226742.0,223004.0,0.0
3489,226742.0,257413.0,0.0
3490,226742.0,221874.0,0.0
3491,226742.0,223005.0,0.0
3492,226742.0,227878.0,0.0
3493,226742.0,223006.0,0.0
3494,226742.0,223007.0,0.0
3495,226742.0,221875.0,0.0
3496,226742.0,227069.0,0.0
3497,226742.0,223008.0,0.0
3498,226742.0,221876.0,0.0
3499,226742.0,223009.0,0.0
3500,226742.0,221877.0,0.0
3501,226742.0,223010.0,0.0
3502,222999.0,225509.0,0.0
3503,222999.0,221834.0,0.0
3504,222999.0,221835.0,0.0
3505,222999.0,221837.0,0.0
3506,222999.0,226956.0,0.0
3507,222999.0,227346.0,0.0
3508,222999.0,221838.0,0.0
3509,222999.0,225510.0,0.0
3510,222999.0,225511.0,0.0
3511,222999.0,255827.0,0.0
3512,222999.0,221397.0,0.0
3513,222999.0,225512.0,0.0
3514,222999.0,225513.0,0.0
3515,222999.0,221398.0,0.0
3516,222999.0,257329.0,0.0
3517,222999.0,221842.0,0.0
3518,222999.0,221843.0,0.0
3519,222999.0,221844.0,0.0
3520,222999.0,254359.0,0.0
3521,222999.0,221845.0,0.0
3522,222999.0,221846.0,0.0
3523,222999.0,255115.0,0.0
3524,222999.0,255116.0,0.0
3525,222999.0,221847.0,0.0
3526,222999.0,221849.0,0.0
3527,222999.0,221851.0,0.0
3528,222999.0,254879.0,0.0
3529,222999.0,221853.0,0.0
3530,222999.0,221854.0,0.0
3531,222999.0,221856.0,0.0
3532,222999.0,222994.0,0.0
3533,222999.0,259486.0,0.0
3534,222999.0,225515.0,0.0
3535,222999.0,258174.0,0.0
3536,222999.0,258175.0,0.0
3537,222999.0,225152.0,0.0
3538,222999.0,257330.0,0.0
3539,222999.0,228324.0,0.0
3540,222999.0,227621.0,0.0
3541,222999.0,222995.0,0.0
3542,222999.0,222996.0,0.0
3543,222999.0,228129.0,0.0
3544,222999.0,222997.0,0.0
3545,222999.0,223000.0,0.0
3546,222999.0,221862.0,0.0
3547,222999.0,226742.0,0.0
3548,222999.0,222999.0,0.0
3549,222999.0,226744.0,0.0
3550,222999.0,226745.0,0.0
3551,222999.0,221865.0,0.0
3552,222999.0,221866.0,0.0
3553,222999.0,227348.0,0.0
3554,222999.0,255319.0,0.0
3555,222999.0,255294.0,0.0
3556,222999.0,255320.0,0.0
3557,222999.0,221872.0,0.0
3558,222999.0,221873.0,0.0
3559,222999.0,223002.0,0.0
3560,222999.0,225154.0,0.0
3561,222999.0,223004.0,0.0
3562,222999.0,257413.0,0.0
3563,222999.0,221874.0,0.0
3564,222999.0,223005.0,0.0
3565,222999.0,227878.0,0.0
3566,222999.0,223006.0,0.0
3567,222999.0,223007.0,0.0
3568,222999.0,221875.0,0.0
3569,222999.0,227069.0,0.0
3570,222999.0,223008.0,0.0
3571,222999.0,221876.0,0.0
3572,222999.0,223009.0,0.0
3573,222999.0,221877.0,0.0
3574,222999.0,223010.0,0.0
3575,226744.0,225509.0,0.0
3576,226744.0,221834.0,0.0
3577,226744.0,221835.0,0.0
3578,226744.0,221837.0,0.0
3579,226744.0,226956.0,0.0
3580,226744.0,227346.0,0.0
3581,226744.0,221838.0,0.0
3582,226744.0,225510.0,0.0
3583,226744.0,225511.0,0.0
3584,226744.0,255827.0,0.0
3585,226744.0,221397.0,0.0
3586,226744.0,225512.0,0.0
3587,226744.0,225513.0,0.0
3588,226744.0,221398.0,0.0
3589,226744.0,257329.0,0.0
3590,226744.0,221842.0,0.0
3591,226744.0,221843.0,0.0
3592,226744.0,221844.0,0.0
3593,226744.0,254359.0,0.0
3594,226744.0,221845.0,0.0
3595,226744.0,221846.0,0.0
3596,226744.0,255115.0,0.0
3597,226744.0,255116.0,0.0
3598,226744.0,221847.0,0.0
3599,226744.0,221849.0,0.0
3600,226744.0,221851.0,0.0
3601,226744.0,254879.0,0.0
3602,226744.0,221853.0,0.0
3603,226744.0,221854.0,0.0
3604,226744.0,221856.0,0.0
3605,226744.0,222994.0,0.0
3606,226744.0,259486.0,0.0
3607,226744.0,225515.0,0.0
3608,226744.0,258174.0,0.0
3609,226744.0,258175.0,0.0
3610,226744.0,225152.0,0.0
3611,226744.0,257330.0,0.0
3612,226744.0,228324.0,0.0
3613,226744.0,227621.0,0.0
3614,226744.0,222995.0,0.0
3615,226744.0,222996.0,0.0
3616,226744.0,228129.0,0.0
3617,226744.0,222997.0,0.0
3618,226744.0,223000.0,0.0
3619,226744.0,221862.0,0.0
3620,226744.0,226742.0,0.0
3621,226744.0,222999.0,0.0
3622,226744.0,226744.0,0.0
3623,226744.0,226745.0,0.0
3624,226744.0,221865.0,0.0
3625,226744.0,221866.0,0.0
3626,226744.0,227348.0,0.0
3627,226744.0,255319.0,0.0
3628,226744.0,255294.0,0.0
3629,226744.0,255320.0,0.0
3630,226744.0,221872.0,0.0
3631,226744.0,221873.0,0.0
3632,226744.0,223002.0,0.0
3633,226744.0,225154.0,0.0
3634,226744.0,223004.0,0.0
3635,226744.0,257413.0,0.0
3636,226744.0,221874.0,0.0
3637,226744.0,223005.0,0.0
3638,226744.0,227878.0,0.0
3639,226744.0,223006.0,0.0
3640,226744.0,223007.0,0.0
3641,226744.0,221875.0,0.0
3642,226744.0,227069.0,0.0
3643,226744.0,223008.0,0.0
3644,226744.0,221876.0,0.0
3645,226744.0,223009.0,0.0
3646,226744.0,221877.0,0.0
3647,226744.0,223010.0,0.0
3648,226745.0,225509.0,0.0
3649,226745.0,221834.0,0.0
3650,226745.0,221835.0,0.0
3651,226745.0,221837.0,0.0
3652,226745.0,226956.0,0.0
3653,226745.0,227346.0,0.0
3654,226745.0,221838.0,0.0
3655,226745.0,225510.0,0.0
3656,226745.0,225511.0,0.0
3657,226745.0,255827.0,0.0
3658,226745.0,221397.0,0.0
3659,226745.0,225512.0,0.0
3660,226745.0,225513.0,0.0
3661,226745.0,221398.0,0.0
3662,226745.0,257329.0,0.0
3663,226745.0,221842.0,0.0
3664,226745.0,221843.0,0.0
3665,226745.0,221844.0,0.0
3666,226745.0,254359.0,0.0
3667,226745.0,221845.0,0.0
3668,226745.0,221846.0,0.0
3669,226745.0,255115.0,0.0
3670,226745.0,255116.0,0.0
3671,226745.0,221847.0,0.0
3672,226745.0,221849.0,0.0
3673,226745.0,221851.0,0.0
3674,226745.0,254879.0,0.0
3675,226745.0,221853.0,0.0
3676,226745.0,221854.0,0.0
3677,226745.0,221856.0,0.0
3678,226745.0,222994.0,0.0
3679,226745.0,259486.0,0.0
3680,226745.0,225515.0,0.0
3681,226745.0,258174.0,0.0
3682,226745.0,258175.0,0.0
3683,226745.0,225152.0,0.0
3684,226745.0,257330.0,0.0
3685,226745.0,228324.0,0.0
3686,226745.0,227621.0,0.0
3687,226745.0,222995.0,0.0
3688,226745.0,222996.0,0.0
3689,226745.0,228129.0,0.0
3690,226745.0,222997.0,0.0
3691,226745.0,223000.0,0.0
3692,226745.0,221862.0,0.0
3693,226745.0,226742.0,0.0
3694,226745.0,222999.0,0.0
3695,226745.0,226744.0,0.0
3696,226745.0,226745.0,0.0
3697,226745.0,221865.0,0.0
3698,226745.0,221866.0,0.0
3699,226745.0,227348.0,0.0
3700,226745.0,255319.0,0.0
3701,226745.0,255294.0,0.0
3702,226745.0,255320.0,0.0
3703,226745.0,221872.0,0.0
3704,226745.0,221873.0,0.0
3705,226745.0,223002.0,0.0
3706,226745.0,225154.0,0.0
3707,226745.0,223004.0,0.0
3708,226745.0,257413.0,0.0
3709,226745.0,221874.0,0.0
3710,226745.0,223005.0,0.0
3711,226745.0,227878.0,0.0
3712,226745.0,223006.0,0.0
3713,226745.0,223007.0,0.0
3714,226745.0,221875.0,0.0
3715,226745.0,227069.0,0.0
3716,226745.0,223008.0,0.0
3717,226745.0,221876.0,0.0
3718,226745.0,223009.0,0.0
3719,226745.0,221877.0,0.0
3720,226745.0,223010.0,0.0
3721,221865.0,225509.0,0.0
3722,221865.0,221834.0,0.0
3723,221865.0,221835.0,0.0
3724,221865.0,221837.0,0.0
3725,221865.0,226956.0,0.0
3726,221865.0,227346.0,0.0
3727,221865.0,221838.0,0.0
3728,221865.0,225510.0,0.0
3729,221865.0,225511.0,0.0
3730,221865.0,255827.0,0.0
3731,221865.0,221397.0,0.0
3732,221865.0,225512.0,0.0
3733,221865.0,225513.0,0.0
3734,221865.0,221398.0,0.0
3735,221865.0,257329.0,0.0
3736,221865.0,221842.0,0.0
3737,221865.0,221843.0,0.0
3738,221865.0,221844.0,0.0
3739,221865.0,254359.0,0.0
3740,221865.0,221845.0,0.0
3741,221865.0,221846.0,0.0
3742,221865.0,255115.0,0.0
3743,221865.0,255116.0,0.0
3744,221865.0,221847.0,0.0
3745,221865.0,221849.0,0.0
3746,221865.0,221851.0,0.0
3747,221865.0,254879.0,0.0
3748,221865.0,221853.0,0.0
3749,221865.0,221854.0,0.0
3750,221865.0,221856.0,0.0
3751,221865.0,222994.0,0.0
3752,221865.0,259486.0,0.0
3753,221865.0,225515.0,0.0
3754,221865.0,258174.0,0.0
3755,221865.0,258175.0,0.0
3756,221865.0,225152.0,0.0
3757,221865.0,257330.0,0.0
3758,221865.0,228324.0,0.0
3759,221865.0,227621.0,0.0
3760,221865.0,222995.0,0.0
3761,221865.0,222996.0,0.0
3762,221865.0,228129.0,0.0
3763,221865.0,222997.0,0.0
3764,221865.0,223000.0,0.0
3765,221865.0,221862.0,0.0
3766,221865.0,226742.0,0.0
3767,221865.0,222999.0,0.0
3768,221865.0,226744.0,0.0
3769,221865.0,226745.0,0.0
3770,221865.0,221865.0,0.0
3771,221865.0,221866.0,0.0
3772,221865.0,227348.0,0.0
3773,221865.0,255319.0,0.0
3774,221865.0,255294.0,0.0
3775,221865.0,255320.0,0.0
3776,221865.0,221872.0,0.0
3777,221865.0,221873.0,0.0
3778,221865.0,223002.0,0.0
3779,221865.0,225154.0,0.0
3780,221865.0,223004.0,0.0
3781,221865.0,257413.0,0.0
3782,221865.0,221874.0,0.0
3783,221865.0,223005.0,0.0
3784,221865.0,227878.0,0.0
3785,221865.0,223006.0,0.0
3786,221865.0,223007.0,0.0
3787,221865.0,221875.0,0.0
3788,221865.0,227069.0,0.0
3789,221865.0,223008.0,0.0
3790,221865.0,221876.0,0.0
3791,221865.0,223009.0,0.0
3792,221865.0,221877.0,0.0
3793,221865.0,223010.0,0.0
3794,221866.0,225509.0,0.0
3795,221866.0,221834.0,0.0
3796,221866.0,221835.0,0.0
3797,221866.0,221837.0,0.0
3798,221866.0,226956.0,0.0
3799,221866.0,227346.0,0.0
3800,221866.0,221838.0,0.0
3801,221866.0,225510.0,0.0
3802,221866.0,225511.0,0.0
3803,221866.0,255827.0,0.0
3804,221866.0,221397.0,0.0
3805,221866.0,225512.0,0.0
3806,221866.0,225513.0,0.0
3807,221866.0,221398.0,0.0
3808,221866.0,257329.0,0.0
3809,221866.0,221842.0,0.0
3810,221866.0,221843.0,0.0
3811,221866.0,221844.0,0.0
3812,221866.0,254359.0,0.0
3813,221866.0,221845.0,0.0
3814,221866.0,221846.0,0.0
3815,221866.0,255115.0,0.0
3816,221866.0,255116.0,0.0
3817,221866.0,221847.0,0.0
3818,221866.0,221849.0,0.0
3819,221866.0,221851.0,0.0
3820,221866.0,254879.0,0.0
3821,221866.0,221853.0,0.0
3822,221866.0,221854.0,0.0
3823,221866.0,221856.0,0.0
3824,221866.0,222994.0,0.0
3825,221866.0,259486.0,0.0
3826,221866.0,225515.0,0.0
3827,221866.0,258174.0,0.0
3828,221866.0,258175.0,0.0
3829,221866.0,225152.0,0.0
3830,221866.0,257330.0,0.0
3831,221866.0,228324.0,0.0
3832,221866.0,227621.0,0.0
3833,221866.0,222995.0,0.0
3834,221866.0,222996.0,0.0
3835,221866.0,228129.0,0.0
3836,221866.0,222997.0,0.0
3837,221866.0,223000.0,0.0
3838,221866.0,221862.0,0.0
3839,221866.0,226742.0,0.0
3840,221866.0,222999.0,0.0
3841,221866.0,226744.0,0.0
3842,221866.0,226745.0,0.0
3843,221866.0,221865.0,0.0
3844,221866.0,221866.0,0.0
3845,221866.0,227348.0,0.0
3846,221866.0,255319.0,0.0
3847,221866.0,255294.0,0.0
3848,221866.0,255320.0,0.0
3849,221866.0,221872.0,0.0
3850,221866.0,221873.0,0.0
3851,221866.0,223002.0,0.0
3852,221866.0,225154.0,0.0
3853,221866.0,223004.0,0.0
3854,221866.0,257413.0,0.0
3855,221866.0,221874.0,0.0
3856,221866.0,223005.0,0.0
3857,221866.0,227878.0,0.0
3858,221866.0,223006.0,0.0
3859,221866.0,223007.0,0.0
3860,221866.0,221875.0,0.0
3861,221866.0,227069.0,0.0
3862,221866.0,223008.0,0.0
3863,221866.0,221876.0,0.0
3864,221866.0,223009.0,0.0
3865,221866.0,221877.0,0.0
3866,221866.0,223010.0,0.0
3867,227348.0,225509.0,0.0
3868,227348.0,221834.0,0.0
3869,227348.0,221835.0,0.0
3870,227348.0,221837.0,0.0
3871,227348.0,226956.0,0.0
3872,227348.0,227346.0,0.0
3873,227348.0,221838.0,0.0
3874,227348.0,225510.0,0.0
3875,227348.0,225511.0,0.0
3876,227348.0,255827.0,0.0
3877,227348.0,221397.0,0.0
3878,227348.0,225512.0,0.0
3879,227348.0,225513.0,0.0
3880,227348.0,221398.0,0.0
3881,227348.0,257329.0,0.0
3882,227348.0,221842.0,0.0
3883,227348.0,221843.0,0.0
3884,227348.0,221844.0,0.0
3885,227348.0,254359.0,0.0
3886,227348.0,221845.0,0.0
3887,227348.0,221846.0,0.0
3888,227348.0,255115.0,0.0
3889,227348.0,255116.0,0.0
3890,227348.0,221847.0,0.0
3891,227348.0,221849.0,0.0
3892,227348.0,221851.0,0.0
3893,227348.0,254879.0,0.0
3894,227348.0,221853.0,0.0
3895,227348.0,221854.0,0.0
3896,227348.0,221856.0,0.0
3897,227348.0,222994.0,0.0
3898,227348.0,259486.0,0.0
3899,227348.0,225515.0,0.0
3900,227348.0,258174.0,0.0
3901,227348.0,258175.0,0.0
3902,227348.0,225152.0,0.0
3903,227348.0,257330.0,0.0
3904,227348.0,228324.0,0.0
3905,227348.0,227621.0,0.0
3906,227348.0,222995.0,0.0
3907,227348.0,222996.0,0.0
3908,227348.0,228129.0,0.0
3909,227348.0,222997.0,0.0
3910,227348.0,223000.0,0.0
3911,227348.0,221862.0,0.0
3912,227348.0,226742.0,0.0
3913,227348.0,222999.0,0.0
3914,227348.0,226744.0,0.0
3915,227348.0,226745.0,0.0
3916,227348.0,221865.0,0.0
3917,227348.0,221866.0,0.0
3918,227348.0,227348.0,0.0
3919,227348.0,255319.0,0.0
3920,227348.0,255294.0,0.0
3921,227348.0,255320.0,0.0
3922,227348.0,221872.0,0.0
3923,227348.0,221873.0,0.0
3924,227348.0,223002.0,0.0
3925,227348.0,225154.0,0.0
3926,227348.0,223004.0,0.0
3927,227348.0,257413.0,0.0
3928,227348.0,221874.0,0.0
3929,227348.0,223005.0,0.0
3930,227348.0,227878.0,0.0
3931,227348.0,223006.0,0.0
3932,227348.0,223007.0,0.0
3933,227348.0,221875.0,0.0
3934,227348.0,227069.0,0.0
3935,227348.0,223008.0,0.0
3936,227348.0,221876.0,0.0
3937,227348.0,223009.0,0.0
3938,227348.0,221877.0,0.0
3939,227348.0,223010.0,0.0
3940,255319.0,225509.0,0.0
3941,255319.0,221834.0,0.0
3942,255319.0,221835.0,0.0
3943,255319.0,221837.0,0.0
3944,255319.0,226956.0,0.0
3945,255319.0,227346.0,0.0
3946,255319.0,221838.0,0.0
3947,255319.0,225510.0,0.0
3948,255319.0,225511.0,0.0
3949,255319.0,255827.0,0.0
3950,255319.0,221397.0,0.0
3951,255319.0,225512.0,0.0
3952,255319.0,225513.0,0.0
3953,255319.0,221398.0,0.0
3954,255319.0,257329.0,0.0
3955,255319.0,221842.0,0.0
3956,255319.0,221843.0,0.0
3957,255319.0,221844.0,0.0
3958,255319.0,254359.0,0.0
3959,255319.0,221845.0,0.0
3960,255319.0,221846.0,0.0
3961,255319.0,255115.0,0.0
3962,255319.0,255116.0,0.0
3963,255319.0,221847.0,0.0
3964,255319.0,221849.0,0.0
3965,255319.0,221851.0,0.0
3966,255319.0,254879.0,0.0
3967,255319.0,221853.0,0.0
3968,255319.0,221854.0,0.0
3969,255319.0,221856.0,0.0
3970,255319.0,222994.0,0.0
3971,255319.0,259486.0,0.0
3972,255319.0,225515.0,0.0
3973,255319.0,258174.0,0.0
3974,255319.0,258175.0,0.0
3975,255319.0,225152.0,0.0
3976,255319.0,257330.0,0.0
3977,255319.0,228324.0,0.0
3978,255319.0,227621.0,0.0
3979,255319.0,222995.0,0.0
3980,255319.0,222996.0,0.0
3981,255319.0,228129.0,0.0
3982,255319.0,222997.0,0.0
3983,255319.0,223000.0,0.0
3984,255319.0,221862.0,0.0
3985,255319.0,226742.0,0.0
3986,255319.0,222999.0,0.0
3987,255319.0,226744.0,0.0
3988,255319.0,226745.0,0.0
3989,255319.0,221865.0,0.0
3990,255319.0,221866.0,0.0
3991,255319.0,227348.0,0.0
3992,255319.0,255319.0,0.0
3993,255319.0,255294.0,0.0
3994,255319.0,255320.0,0.0
3995,255319.0,221872.0,0.0
3996,255319.0,221873.0,0.0
3997,255319.0,223002.0,0.0
3998,255319.0,225154.0,0.0
3999,255319.0,223004.0,0.0
4000,255319.0,257413.0,0.0
4001,255319.0,221874.0,0.0
4002,255319.0,223005.0,0.0
4003,255319.0,227878.0,0.0
4004,255319.0,223006.0,0.0
4005,255319.0,223007.0,0.0
4006,255319.0,221875.0,0.0
4007,255319.0,227069.0,0.0
4008,255319.0,223008.0,0.0
4009,255319.0,221876.0,0.0
4010,255319.0,223009.0,0.0
4011,255319.0,221877.0,0.0
4012,255319.0,223010.0,0.0
4013,255294.0,225509.0,0.0
4014,255294.0,221834.0,0.0
4015,255294.0,221835.0,0.0
4016,255294.0,221837.0,0.0
4017,255294.0,226956.0,0.0
4018,255294.0,227346.0,0.0
4019,255294.0,221838.0,0.0
4020,255294.0,225510.0,0.0
4021,255294.0,225511.0,0.0
4022,255294.0,255827.0,0.0
4023,255294.0,221397.0,0.0
4024,255294.0,225512.0,0.0
4025,255294.0,225513.0,0.0
4026,255294.0,221398.0,0.0
4027,255294.0,257329.0,0.0
4028,255294.0,221842.0,0.0
4029,255294.0,221843.0,0.0
4030,255294.0,221844.0,0.0
4031,255294.0,254359.0,0.0
4032,255294.0,221845.0,0.0
4033,255294.0,221846.0,0.0
4034,255294.0,255115.0,0.0
4035,255294.0,255116.0,0.0
4036,255294.0,221847.0,0.0
4037,255294.0,221849.0,0.0
4038,255294.0,221851.0,0.0
4039,255294.0,254879.0,0.0
4040,255294.0,221853.0,0.0
4041,255294.0,221854.0,0.0
4042,255294.0,221856.0,0.0
4043,255294.0,222994.0,0.0
4044,255294.0,259486.0,0.0
4045,255294.0,225515.0,0.0
4046,255294.0,258174.0,0.0
4047,255294.0,258175.0,0.0
4048,255294.0,225152.0,0.0
4049,255294.0,257330.0,0.0
4050,255294.0,228324.0,0.0
4051,255294.0,227621.0,0.0
4052,255294.0,222995.0,0.0
4053,255294.0,222996.0,0.0
4054,255294.0,228129.0,0.0
4055,255294.0,222997.0,0.0
4056,255294.0,223000.0,0.0
4057,255294.0,221862.0,0.0
4058,255294.0,226742.0,0.0
4059,255294.0,222999.0,0.0
4060,255294.0,226744.0,0.0
4061,255294.0,226745.0,0.0
4062,255294.0,221865.0,0.0
4063,255294.0,221866.0,0.0
4064,255294.0,227348.0,0.0
4065,255294.0,255319.0,0.0
4066,255294.0,255294.0,0.0
4067,255294.0,255320.0,0.0
4068,255294.0,221872.0,0.0
4069,255294.0,221873.0,0.0
4070,255294.0,223002.0,0.0
4071,255294.0,225154.0,0.0
4072,255294.0,223004.0,0.0
4073,255294.0,257413.0,0.0
4074,255294.0,221874.0,0.0
4075,255294.0,223005.0,0.0
4076,255294.0,227878.0,0.0
4077,255294.0,223006.0,0.0
4078,255294.0,223007.0,0.0
4079,255294.0,221875.0,0.0
4080,255294.0,227069.0,0.0
4081,255294.0,223008.0,0.0
4082,255294.0,221876.0,0.0
4083,255294.0,223009.0,0.0
4084,255294.0,221877.0,0.0
4085,255294.0,223010.0,0.0
4086,255320.0,225509.0,0.0
4087,255320.0,221834.0,0.0
4088,255320.0,221835.0,0.0
4089,255320.0,221837.0,0.0
4090,255320.0,226956.0,0.0
4091,255320.0,227346.0,0.0
4092,255320.0,221838.0,0.0
4093,255320.0,225510.0,0.0
4094,255320.0,225511.0,0.0
4095,255320.0,255827.0,0.0
4096,255320.0,221397.0,0.0
4097,255320.0,225512.0,0.0
4098,255320.0,225513.0,0.0
4099,255320.0,221398.0,0.0
4100,255320.0,257329.0,0.0
4101,255320.0,221842.0,0.0
4102,255320.0,221843.0,0.0
4103,255320.0,221844.0,0.0
4104,255320.0,254359.0,0.0
4105,255320.0,221845.0,0.0
4106,255320.0,221846.0,0.0
4107,255320.0,255115.0,0.0
4108,255320.0,255116.0,0.0
4109,255320.0,221847.0,0.0
4110,255320.0,221849.0,0.0
4111,255320.0,221851.0,0.0
4112,255320.0,254879.0,0.0
4113,255320.0,221853.0,0.0
4114,255320.0,221854.0,0.0
4115,255320.0,221856.0,0.0
4116,255320.0,222994.0,0.0
4117,255320.0,259486.0,0.0
4118,255320.0,225515.0,0.0
4119,255320.0,258174.0,0.0
4120,255320.0,258175.0,0.0
4121,255320.0,225152.0,0.0
4122,255320.0,257330.0,0.0
4123,255320.0,228324.0,0.0
4124,255320.0,227621.0,0.0
4125,255320.0,222995.0,0.0
4126,255320.0,222996.0,0.0
4127,255320.0,228129.0,0.0
4128,255320.0,222997.0,0.0
4129,255320.0,223000.0,0.0
4130,255320.0,221862.0,0.0
4131,255320.0,226742.0,0.0
4132,255320.0,222999.0,0.0
4133,255320.0,226744.0,0.0
4134,255320.0,226745.0,0.0
4135,255320.0,221865.0,0.0
4136,255320.0,221866.0,0.0
4137,255320.0,227348.0,0.0
4138,255320.0,255319.0,0.0
4139,255320.0,255294.0,0.0
4140,255320.0,255320.0,0.0
4141,255320.0,221872.0,0.0
4142,255320.0,221873.0,0.0
4143,255320.0,223002.0,0.0
4144,255320.0,225154.0,0.0
4145,255320.0,223004.0,0.0
4146,255320.0,257413.0,0.0
4147,255320.0,221874.0,0.0
4148,255320.0,223005.0,0.0
4149,255320.0,227878.0,0.0
4150,255320.0,223006.0,0.0
4151,255320.0,223007.0,0.0
4152,255320.0,221875.0,0.0
4153,255320.0,227069.0,0.0
4154,255320.0,223008.0,0.0
4155,255320.0,221876.0,0.0
4156,255320.0,223009.0,0.0
4157,255320.0,221877.0,0.0
4158,255320.0,223010.0,0.0
4159,221872.0,225509.0,0.0
4160,221872.0,221834.0,0.0
4161,221872.0,221835.0,0.0
4162,221872.0,221837.0,0.0
4163,221872.0,226956.0,0.0
4164,221872.0,227346.0,0.0
4165,221872.0,221838.0,0.0
4166,221872.0,225510.0,0.0
4167,221872.0,225511.0,0.0
4168,221872.0,255827.0,0.0
4169,221872.0,221397.0,0.0
4170,221872.0,225512.0,0.0
4171,221872.0,225513.0,0.0
4172,221872.0,221398.0,0.0
4173,221872.0,257329.0,0.0
4174,221872.0,221842.0,0.0
4175,221872.0,221843.0,0.0
4176,221872.0,221844.0,0.0
4177,221872.0,254359.0,0.0
4178,221872.0,221845.0,0.0
4179,221872.0,221846.0,0.0
4180,221872.0,255115.0,0.0
4181,221872.0,255116.0,0.0
4182,221872.0,221847.0,0.0
4183,221872.0,221849.0,0.0
4184,221872.0,221851.0,0.0
4185,221872.0,254879.0,0.0
4186,221872.0,221853.0,0.0
4187,221872.0,221854.0,0.0
4188,221872.0,221856.0,0.0
4189,221872.0,222994.0,0.0
4190,221872.0,259486.0,0.0
4191,221872.0,225515.0,0.0
4192,221872.0,258174.0,0.0
4193,221872.0,258175.0,0.0
4194,221872.0,225152.0,0.0
4195,221872.0,257330.0,0.0
4196,221872.0,228324.0,0.0
4197,221872.0,227621.0,0.0
4198,221872.0,222995.0,0.0
4199,221872.0,222996.0,0.0
4200,221872.0,228129.0,0.0
4201,221872.0,222997.0,0.0
4202,221872.0,223000.0,0.0
4203,221872.0,221862.0,0.0
4204,221872.0,226742.0,0.0
4205,221872.0,222999.0,0.0
4206,221872.0,226744.0,0.0
4207,221872.0,226745.0,0.0
4208,221872.0,221865.0,0.0
4209,221872.0,221866.0,0.0
4210,221872.0,227348.0,0.0
4211,221872.0,255319.0,0.0
4212,221872.0,255294.0,0.0
4213,221872.0,255320.0,0.0
4214,221872.0,221872.0,0.0
4215,221872.0,221873.0,0.0
4216,221872.0,223002.0,0.0
4217,221872.0,225154.0,0.0
4218,221872.0,223004.0,0.0
4219,221872.0,257413.0,0.0
4220,221872.0,221874.0,0.0
4221,221872.0,223005.0,0.0
4222,221872.0,227878.0,0.0
4223,221872.0,223006.0,0.0
4224,221872.0,223007.0,0.0
4225,221872.0,221875.0,0.0
4226,221872.0,227069.0,0.0
4227,221872.0,223008.0,0.0
4228,221872.0,221876.0,0.0
4229,221872.0,223009.0,0.0
4230,221872.0,221877.0,0.0
4231,221872.0,223010.0,0.0
4232,221873.0,225509.0,0.0
4233,221873.0,221834.0,0.0
4234,221873.0,221835.0,0.0
4235,221873.0,221837.0,0.0
4236,221873.0,226956.0,0.0
4237,221873.0,227346.0,0.0
4238,221873.0,221838.0,0.0
4239,221873.0,225510.0,0.0
4240,221873.0,225511.0,0.0
4241,221873.0,255827.0,0.0
4242,221873.0,221397.0,0.0
4243,221873.0,225512.0,0.0
4244,221873.0,225513.0,0.0
4245,221873.0,221398.0,0.0
4246,221873.0,257329.0,0.0
4247,221873.0,221842.0,0.0
4248,221873.0,221843.0,0.0
4249,221873.0,221844.0,0.0
4250,221873.0,254359.0,0.0
4251,221873.0,221845.0,0.0
4252,221873.0,221846.0,0.0
4253,221873.0,255115.0,0.0
4254,221873.0,255116.0,0.0
4255,221873.0,221847.0,0.0
4256,221873.0,221849.0,0.0
4257,221873.0,221851.0,0.0
4258,221873.0,254879.0,0.0
4259,221873.0,221853.0,0.0
4260,221873.0,221854.0,0.0
4261,221873.0,221856.0,0.0
4262,221873.0,222994.0,0.0
4263,221873.0,259486.0,0.0
4264,221873.0,225515.0,0.0
4265,221873.0,258174.0,0.0
4266,221873.0,258175.0,0.0
4267,221873.0,225152.0,0.0
4268,221873.0,257330.0,0.0
4269,221873.0,228324.0,0.0
4270,221873.0,227621.0,0.0
4271,221873.0,222995.0,0.0
4272,221873.0,222996.0,0.0
4273,221873.0,228129.0,0.0
4274,221873.0,222997.0,0.0
4275,221873.0,223000.0,0.0
4276,221873.0,221862.0,0.0
4277,221873.0,226742.0,0.0
4278,221873.0,222999.0,0.0
4279,221873.0,226744.0,0.0
4280,221873.0,226745.0,0.0
4281,221873.0,221865.0,0.0
4282,221873.0,221866.0,0.0
4283,221873.0,227348.0,0.0
4284,221873.0,255319.0,0.0
4285,221873.0,255294.0,0.0
4286,221873.0,255320.0,0.0
4287,221873.0,221872.0,0.0
4288,221873.0,221873.0,0.0
4289,221873.0,223002.0,0.0
4290,221873.0,225154.0,0.0
4291,221873.0,223004.0,0.0
4292,221873.0,257413.0,0.0
4293,221873.0,221874.0,0.0
4294,221873.0,223005.0,0.0
4295,221873.0,227878.0,0.0
4296,221873.0,223006.0,0.0
4297,221873.0,223007.0,0.0
4298,221873.0,221875.0,0.0
4299,221873.0,227069.0,0.0
4300,221873.0,223008.0,0.0
4301,221873.0,221876.0,0.0
4302,221873.0,223009.0,0.0
4303,221873.0,221877.0,0.0
4304,221873.0,223010.0,0.0
4305,223002.0,225509.0,0.0
4306,223002.0,221834.0,0.0
4307,223002.0,221835.0,0.0
4308,223002.0,221837.0,0.0
4309,223002.0,226956.0,0.0
4310,223002.0,227346.0,0.0
4311,223002.0,221838.0,0.0
4312,223002.0,225510.0,0.0
4313,223002.0,225511.0,0.0
4314,223002.0,255827.0,0.0
4315,223002.0,221397.0,0.0
4316,223002.0,225512.0,0.0
4317,223002.0,225513.0,0.0
4318,223002.0,221398.0,0.0
4319,223002.0,257329.0,0.0
4320,223002.0,221842.0,0.0
4321,223002.0,221843.0,0.0
4322,223002.0,221844.0,0.0
4323,223002.0,254359.0,0.0
4324,223002.0,221845.0,0.0
4325,223002.0,221846.0,0.0
4326,223002.0,255115.0,0.0
4327,223002.0,255116.0,0.0
4328,223002.0,221847.0,0.0
4329,223002.0,221849.0,0.0
4330,223002.0,221851.0,0.0
4331,223002.0,254879.0,0.0
4332,223002.0,221853.0,0.0
4333,223002.0,221854.0,0.0
4334,223002.0,221856.0,0.0
4335,223002.0,222994.0,0.0
4336,223002.0,259486.0,0.0
4337,223002.0,225515.0,0.0
4338,223002.0,258174.0,0.0
4339,223002.0,258175.0,0.0
4340,223002.0,225152.0,0.0
4341,223002.0,257330.0,0.0
4342,223002.0,228324.0,0.0
4343,223002.0,227621.0,0.0
4344,223002.0,222995.0,0.0
4345,223002.0,222996.0,0.0
4346,223002.0,228129.0,0.0
4347,223002.0,222997.0,0.0
4348,223002.0,223000.0,0.0
4349,223002.0,221862.0,0.0
4350,223002.0,226742.0,0.0
4351,223002.0,222999.0,0.0
4352,223002.0,226744.0,0.0
4353,223002.0,226745.0,0.0
4354,223002.0,221865.0,0.0
4355,223002.0,221866.0,0.0
4356,223002.0,227348.0,0.0
4357,223002.0,255319.0,0.0
4358,223002.0,255294.0,0.0
4359,223002.0,255320.0,0.0
4360,223002.0,221872.0,0.0
4361,223002.0,221873.0,0.0
4362,223002.0,223002.0,0.0
4363,223002.0,225154.0,0.0
4364,223002.0,223004.0,0.0
4365,223002.0,257413.0,0.0
4366,223002.0,221874.0,0.0
4367,223002.0,223005.0,0.0
4368,223002.0,227878.0,0.0
4369,223002.0,223006.0,0.0
4370,223002.0,223007.0,0.0
4371,223002.0,221875.0,0.0
4372,223002.0,227069.0,0.0
4373,223002.0,223008.0,0.0
4374,223002.0,221876.0,0.0
4375,223002.0,223009.0,0.0
4376,223002.0,221877.0,0.0
4377,223002.0,223010.0,0.0
4378,225154.0,225509.0,0.0
4379,225154.0,221834.0,0.0
4380,225154.0,221835.0,0.0
4381,225154.0,221837.0,0.0
4382,225154.0,226956.0,0.0
4383,225154.0,227346.0,0.0
4384,225154.0,221838.0,0.0
4385,225154.0,225510.0,0.0
4386,225154.0,225511.0,0.0
4387,225154.0,255827.0,0.0
4388,225154.0,221397.0,0.0
4389,225154.0,225512.0,0.0
4390,225154.0,225513.0,0.0
4391,225154.0,221398.0,0.0
4392,225154.0,257329.0,0.0
4393,225154.0,221842.0,0.0
4394,225154.0,221843.0,0.0
4395,225154.0,221844.0,0.0
4396,225154.0,254359.0,0.0
4397,225154.0,221845.0,0.0
4398,225154.0,221846.0,0.0
4399,225154.0,255115.0,0.0
4400,225154.0,255116.0,0.0
4401,225154.0,221847.0,0.0
4402,225154.0,221849.0,0.0
4403,225154.0,221851.0,0.0
4404,225154.0,254879.0,0.0
4405,225154.0,221853.0,0.0
4406,225154.0,221854.0,0.0
4407,225154.0,221856.0,0.0
4408,225154.0,222994.0,0.0
4409,225154.0,259486.0,0.0
4410,225154.0,225515.0,0.0
4411,225154.0,258174.0,0.0
4412,225154.0,258175.0,0.0
4413,225154.0,225152.0,0.0
4414,225154.0,257330.0,0.0
4415,225154.0,228324.0,0.0
4416,225154.0,227621.0,0.0
4417,225154.0,222995.0,0.0
4418,225154.0,222996.0,0.0
4419,225154.0,228129.0,0.0
4420,225154.0,222997.0,0.0
4421,225154.0,223000.0,0.0
4422,225154.0,221862.0,0.0
4423,225154.0,226742.0,0.0
4424,225154.0,222999.0,0.0
4425,225154.0,226744.0,0.0
4426,225154.0,226745.0,0.0
4427,225154.0,221865.0,0.0
4428,225154.0,221866.0,0.0
4429,225154.0,227348.0,0.0
4430,225154.0,255319.0,0.0
4431,225154.0,255294.0,0.0
4432,225154.0,255320.0,0.0
4433,225154.0,221872.0,0.0
4434,225154.0,221873.0,0.0
4435,225154.0,223002.0,0.0
4436,225154.0,225154.0,0.0
4437,225154.0,223004.0,0.0
4438,225154.0,257413.0,0.0
4439,225154.0,221874.0,0.0
4440,225154.0,223005.0,0.0
4441,225154.0,227878.0,0.0
4442,225154.0,223006.0,0.0
4443,225154.0,223007.0,0.0
4444,225154.0,221875.0,0.0
4445,225154.0,227069.0,0.0
4446,225154.0,223008.0,0.0
4447,225154.0,221876.0,0.0
4448,225154.0,223009.0,0.0
4449,225154.0,221877.0,0.0
4450,225154.0,223010.0,0.0
4451,223004.0,225509.0,0.0
4452,223004.0,221834.0,0.0
4453,223004.0,221835.0,0.0
4454,223004.0,221837.0,0.0
4455,223004.0,226956.0,0.0
4456,223004.0,227346.0,0.0
4457,223004.0,221838.0,0.0
4458,223004.0,225510.0,0.0
4459,223004.0,225511.0,0.0
4460,223004.0,255827.0,0.0
4461,223004.0,221397.0,0.0
4462,223004.0,225512.0,0.0
4463,223004.0,225513.0,0.0
4464,223004.0,221398.0,0.0
4465,223004.0,257329.0,0.0
4466,223004.0,221842.0,0.0
4467,223004.0,221843.0,0.0
4468,223004.0,221844.0,0.0
4469,223004.0,254359.0,0.0
4470,223004.0,221845.0,0.0
4471,223004.0,221846.0,0.0
4472,223004.0,255115.0,0.0
4473,223004.0,255116.0,0.0
4474,223004.0,221847.0,0.0
4475,223004.0,221849.0,0.0
4476,223004.0,221851.0,0.0
4477,223004.0,254879.0,0.0
4478,223004.0,221853.0,0.0
4479,223004.0,221854.0,0.0
4480,223004.0,221856.0,0.0
4481,223004.0,222994.0,0.0
4482,223004.0,259486.0,0.0
4483,223004.0,225515.0,0.0
4484,223004.0,258174.0,0.0
4485,223004.0,258175.0,0.0
4486,223004.0,225152.0,0.0
4487,223004.0,257330.0,0.0
4488,223004.0,228324.0,0.0
4489,223004.0,227621.0,0.0
4490,223004.0,222995.0,0.0
4491,223004.0,222996.0,0.0
4492,223004.0,228129.0,0.0
4493,223004.0,222997.0,0.0
4494,223004.0,223000.0,0.0
4495,223004.0,221862.0,0.0
4496,223004.0,226742.0,0.0
4497,223004.0,222999.0,0.0
4498,223004.0,226744.0,0.0
4499,223004.0,226745.0,0.0
4500,223004.0,221865.0,0.0
4501,223004.0,221866.0,0.0
4502,223004.0,227348.0,0.0
4503,223004.0,255319.0,0.0
4504,223004.0,255294.0,0.0
4505,223004.0,255320.0,0.0
4506,223004.0,221872.0,0.0
4507,223004.0,221873.0,0.0
4508,223004.0,223002.0,0.0
4509,223004.0,225154.0,0.0
4510,223004.0,223004.0,0.0
4511,223004.0,257413.0,0.0
4512,223004.0,221874.0,0.0
4513,223004.0,223005.0,0.0
4514,223004.0,227878.0,0.0
4515,223004.0,223006.0,0.0
4516,223004.0,223007.0,0.0
4517,223004.0,221875.0,0.0
4518,223004.0,227069.0,0.0
4519,223004.0,223008.0,0.0
4520,223004.0,221876.0,0.0
4521,223004.0,223009.0,0.0
4522,223004.0,221877.0,0.0
4523,223004.0,223010.0,0.0
4524,257413.0,225509.0,0.0
4525,257413.0,221834.0,0.0
4526,257413.0,221835.0,0.0
4527,257413.0,221837.0,0.0
4528,257413.0,226956.0,0.0
4529,257413.0,227346.0,0.0
4530,257413.0,221838.0,0.0
4531,257413.0,225510.0,0.0
4532,257413.0,225511.0,0.0
4533,257413.0,255827.0,0.0
4534,257413.0,221397.0,0.0
4535,257413.0,225512.0,0.0
4536,257413.0,225513.0,0.0
4537,257413.0,221398.0,0.0
4538,257413.0,257329.0,0.0
4539,257413.0,221842.0,0.0
4540,257413.0,221843.0,0.0
4541,257413.0,221844.0,0.0
4542,257413.0,254359.0,0.0
4543,257413.0,221845.0,0.0
4544,257413.0,221846.0,0.0
4545,257413.0,255115.0,0.0
4546,257413.0,255116.0,0.0
4547,257413.0,221847.0,0.0
4548,257413.0,221849.0,0.0
4549,257413.0,221851.0,0.0
4550,257413.0,254879.0,0.0
4551,257413.0,221853.0,0.0
4552,257413.0,221854.0,0.0
4553,257413.0,221856.0,0.0
4554,257413.0,222994.0,0.0
4555,257413.0,259486.0,0.0
4556,257413.0,225515.0,0.0
4557,257413.0,258174.0,0.0
4558,257413.0,258175.0,0.0
4559,257413.0,225152.0,0.0
4560,257413.0,257330.0,0.0
4561,257413.0,228324.0,0.0
4562,257413.0,227621.0,0.0
4563,257413.0,222995.0,0.0
4564,257413.0,222996.0,0.0
4565,257413.0,228129.0,0.0
4566,257413.0,222997.0,0.0
4567,257413.0,223000.0,0.0
4568,257413.0,221862.0,0.0
4569,257413.0,226742.0,0.0
4570,257413.0,222999.0,0.0
4571,257413.0,226744.0,0.0
4572,257413.0,226745.0,0.0
4573,257413.0,221865.0,0.0
4574,257413.0,221866.0,0.0
4575,257413.0,227348.0,0.0
4576,257413.0,255319.0,0.0
4577,257413.0,255294.0,0.0
4578,257413.0,255320.0,0.0
4579,257413.0,221872.0,0.0
4580,257413.0,221873.0,0.0
4581,257413.0,223002.0,0.0
4582,257413.0,225154.0,0.0
4583,257413.0,223004.0,0.0
4584,257413.0,257413.0,0.0
4585,257413.0,221874.0,0.0
4586,257413.0,223005.0,0.0
4587,257413.0,227878.0,0.0
4588,257413.0,223006.0,0.0
4589,257413.0,223007.0,0.0
4590,257413.0,221875.0,0.0
4591,257413.0,227069.0,0.0
4592,257413.0,223008.0,0.0
4593,257413.0,221876.0,0.0
4594,257413.0,223009.0,0.0
4595,257413.0,221877.0,0.0
4596,257413.0,223010.0,0.0
4597,221874.0,225509.0,0.0
4598,221874.0,221834.0,0.0
4599,221874.0,221835.0,0.0
4600,221874.0,221837.0,0.0
4601,221874.0,226956.0,0.0
4602,221874.0,227346.0,0.0
4603,221874.0,221838.0,0.0
4604,221874.0,225510.0,0.0
4605,221874.0,225511.0,0.0
4606,221874.0,255827.0,0.0
4607,221874.0,221397.0,0.0
4608,221874.0,225512.0,0.0
4609,221874.0,225513.0,0.0
4610,221874.0,221398.0,0.0
4611,221874.0,257329.0,0.0
4612,221874.0,221842.0,0.0
4613,221874.0,221843.0,0.0
4614,221874.0,221844.0,0.0
4615,221874.0,254359.0,0.0
4616,221874.0,221845.0,0.0
4617,221874.0,221846.0,0.0
4618,221874.0,255115.0,0.0
4619,221874.0,255116.0,0.0
4620,221874.0,221847.0,0.0
4621,221874.0,221849.0,0.0
4622,221874.0,221851.0,0.0
4623,221874.0,254879.0,0.0
4624,221874.0,221853.0,0.0
4625,221874.0,221854.0,0.0
4626,221874.0,221856.0,0.0
4627,221874.0,222994.0,0.0
4628,221874.0,259486.0,0.0
4629,221874.0,225515.0,0.0
4630,221874.0,258174.0,0.0
4631,221874.0,258175.0,0.0
4632,221874.0,225152.0,0.0
4633,221874.0,257330.0,0.0
4634,221874.0,228324.0,0.0
4635,221874.0,227621.0,0.0
4636,221874.0,222995.0,0.0
4637,221874.0,222996.0,0.0
4638,221874.0,228129.0,0.0
4639,221874.0,222997.0,0.0
4640,221874.0,223000.0,0.0
4641,221874.0,221862.0,0.0
4642,221874.0,226742.0,0.0
4643,221874.0,222999.0,0.0
4644,221874.0,226744.0,0.0
4645,221874.0,226745.0,0.0
4646,221874.0,221865.0,0.0
4647,221874.0,221866.0,0.0
4648,221874.0,227348.0,0.0
4649,221874.0,255319.0,0.0
4650,221874.0,255294.0,0.0
4651,221874.0,255320.0,0.0
4652,221874.0,221872.0,0.0
4653,221874.0,221873.0,0.0
4654,221874.0,223002.0,0.0
4655,221874.0,225154.0,0.0
4656,221874.0,223004.0,0.0
4657,221874.0,257413.0,0.0
4658,221874.0,221874.0,0.0
4659,221874.0,223005.0,0.0
4660,221874.0,227878.0,0.0
4661,221874.0,223006.0,0.0
4662,221874.0,223007.0,0.0
4663,221874.0,221875.0,0.0
4664,221874.0,227069.0,0.0
4665,221874.0,223008.0,0.0
4666,221874.0,221876.0,0.0
4667,221874.0,223009.0,0.0
4668,221874.0,221877.0,0.0
4669,221874.0,223010.0,0.0
4670,223005.0,225509.0,0.0
4671,223005.0,221834.0,0.0
4672,223005.0,221835.0,0.0
4673,223005.0,221837.0,0.0
4674,223005.0,226956.0,0.0
4675,223005.0,227346.0,0.0
4676,223005.0,221838.0,0.0
4677,223005.0,225510.0,0.0
4678,223005.0,225511.0,0.0
4679,223005.0,255827.0,0.0
4680,223005.0,221397.0,0.0
4681,223005.0,225512.0,0.0
4682,223005.0,225513.0,0.0
4683,223005.0,221398.0,0.0
4684,223005.0,257329.0,0.0
4685,223005.0,221842.0,0.0
4686,223005.0,221843.0,0.0
4687,223005.0,221844.0,0.0
4688,223005.0,254359.0,0.0
4689,223005.0,221845.0,0.0
4690,223005.0,221846.0,0.0
4691,223005.0,255115.0,0.0
4692,223005.0,255116.0,0.0
4693,223005.0,221847.0,0.0
4694,223005.0,221849.0,0.0
4695,223005.0,221851.0,0.0
4696,223005.0,254879.0,0.0
4697,223005.0,221853.0,0.0
4698,223005.0,221854.0,0.0
4699,223005.0,221856.0,0.0
4700,223005.0,222994.0,0.0
4701,223005.0,259486.0,0.0
4702,223005.0,225515.0,0.0
4703,223005.0,258174.0,0.0
4704,223005.0,258175.0,0.0
4705,223005.0,225152.0,0.0
4706,223005.0,257330.0,0.0
4707,223005.0,228324.0,0.0
4708,223005.0,227621.0,0.0
4709,223005.0,222995.0,0.0
4710,223005.0,222996.0,0.0
4711,223005.0,228129.0,0.0
4712,223005.0,222997.0,0.0
4713,223005.0,223000.0,0.0
4714,223005.0,221862.0,0.0
4715,223005.0,226742.0,0.0
4716,223005.0,222999.0,0.0
4717,223005.0,226744.0,0.0
4718,223005.0,226745.0,0.0
4719,223005.0,221865.0,0.0
4720,223005.0,221866.0,0.0
4721,223005.0,227348.0,0.0
4722,223005.0,255319.0,0.0
4723,223005.0,255294.0,0.0
4724,223005.0,255320.0,0.0
4725,223005.0,221872.0,0.0
4726,223005.0,221873.0,0.0
4727,223005.0,223002.0,0.0
4728,223005.0,225154.0,0.0
4729,223005.0,223004.0,0.0
4730,223005.0,257413.0,0.0
4731,223005.0,221874.0,0.0
4732,223005.0,223005.0,0.0
4733,223005.0,227878.0,0.0
4734,223005.0,223006.0,0.0
4735,223005.0,223007.0,0.0
4736,223005.0,221875.0,0.0
4737,223005.0,227069.0,0.0
4738,223005.0,223008.0,0.0
4739,223005.0,221876.0,0.0
4740,223005.0,223009.0,0.0
4741,223005.0,221877.0,0.0
4742,223005.0,223010.0,0.0
4743,227878.0,225509.0,0.0
4744,227878.0,221834.0,0.0
4745,227878.0,221835.0,0.0
4746,227878.0,221837.0,0.0
4747,227878.0,226956.0,0.0
4748,227878.0,227346.0,0.0
4749,227878.0,221838.0,0.0
4750,227878.0,225510.0,0.0
4751,227878.0,225511.0,0.0
4752,227878.0,255827.0,0.0
4753,227878.0,221397.0,0.0
4754,227878.0,225512.0,0.0
4755,227878.0,225513.0,0.0
4756,227878.0,221398.0,0.0
4757,227878.0,257329.0,0.0
4758,227878.0,221842.0,0.0
4759,227878.0,221843.0,0.0
4760,227878.0,221844.0,0.0
4761,227878.0,254359.0,0.0
4762,227878.0,221845.0,0.0
4763,227878.0,221846.0,0.0
4764,227878.0,255115.0,0.0
4765,227878.0,255116.0,0.0
4766,227878.0,221847.0,0.0
4767,227878.0,221849.0,0.0
4768,227878.0,221851.0,0.0
4769,227878.0,254879.0,0.0
4770,227878.0,221853.0,0.0
4771,227878.0,221854.0,0.0
4772,227878.0,221856.0,0.0
4773,227878.0,222994.0,0.0
4774,227878.0,259486.0,0.0
4775,227878.0,225515.0,0.0
4776,227878.0,258174.0,0.0
4777,227878.0,258175.0,0.0
4778,227878.0,225152.0,0.0
4779,227878.0,257330.0,0.0
4780,227878.0,228324.0,0.0
4781,227878.0,227621.0,0.0
4782,227878.0,222995.0,0.0
4783,227878.0,222996.0,0.0
4784,227878.0,228129.0,0.0
4785,227878.0,222997.0,0.0
4786,227878.0,223000.0,0.0
4787,227878.0,221862.0,0.0
4788,227878.0,226742.0,0.0
4789,227878.0,222999.0,0.0
4790,227878.0,226744.0,0.0
4791,227878.0,226745.0,0.0
4792,227878.0,221865.0,0.0
4793,227878.0,221866.0,0.0
4794,227878.0,227348.0,0.0
4795,227878.0,255319.0,0.0
4796,227878.0,255294.0,0.0
4797,227878.0,255320.0,0.0
4798,227878.0,221872.0,0.0
4799,227878.0,221873.0,0.0
4800,227878.0,223002.0,0.0
4801,227878.0,225154.0,0.0
4802,227878.0,223004.0,0.0
4803,227878.0,257413.0,0.0
4804,227878.0,221874.0,0.0
4805,227878.0,223005.0,0.0
4806,227878.0,227878.0,0.0
4807,227878.0,223006.0,0.0
4808,227878.0,223007.0,0.0
4809,227878.0,221875.0,0.0
4810,227878.0,227069.0,0.0
4811,227878.0,223008.0,0.0
4812,227878.0,221876.0,0.0
4813,227878.0,223009.0,0.0
4814,227878.0,221877.0,0.0
4815,227878.0,223010.0,0.0
4816,223006.0,225509.0,0.0
4817,223006.0,221834.0,0.0
4818,223006.0,221835.0,0.0
4819,223006.0,221837.0,0.0
4820,223006.0,226956.0,0.0
4821,223006.0,227346.0,0.0
4822,223006.0,221838.0,0.0
4823,223006.0,225510.0,0.0
4824,223006.0,225511.0,0.0
4825,223006.0,255827.0,0.0
4826,223006.0,221397.0,0.0
4827,223006.0,225512.0,0.0
4828,223006.0,225513.0,0.0
4829,223006.0,221398.0,0.0
4830,223006.0,257329.0,0.0
4831,223006.0,221842.0,0.0
4832,223006.0,221843.0,0.0
4833,223006.0,221844.0,0.0
4834,223006.0,254359.0,0.0
4835,223006.0,221845.0,0.0
4836,223006.0,221846.0,0.0
4837,223006.0,255115.0,0.0
4838,223006.0,255116.0,0.0
4839,223006.0,221847.0,0.0
4840,223006.0,221849.0,0.0
4841,223006.0,221851.0,0.0
4842,223006.0,254879.0,0.0
4843,223006.0,221853.0,0.0
4844,223006.0,221854.0,0.0
4845,223006.0,221856.0,0.0
4846,223006.0,222994.0,0.0
4847,223006.0,259486.0,0.0
4848,223006.0,225515.0,0.0
4849,223006.0,258174.0,0.0
4850,223006.0,258175.0,0.0
4851,223006.0,225152.0,0.0
4852,223006.0,257330.0,0.0
4853,223006.0,228324.0,0.0
4854,223006.0,227621.0,0.0
4855,223006.0,222995.0,0.0
4856,223006.0,222996.0,0.0
4857,223006.0,228129.0,0.0
4858,223006.0,222997.0,0.0
4859,223006.0,223000.0,0.0
4860,223006.0,221862.0,0.0
4861,223006.0,226742.0,0.0
4862,223006.0,222999.0,0.0
4863,223006.0,226744.0,0.0
4864,223006.0,226745.0,0.0
4865,223006.0,221865.0,0.0
4866,223006.0,221866.0,0.0
4867,223006.0,227348.0,0.0
4868,223006.0,255319.0,0.0
4869,223006.0,255294.0,0.0
4870,223006.0,255320.0,0.0
4871,223006.0,221872.0,0.0
4872,223006.0,221873.0,0.0
4873,223006.0,223002.0,0.0
4874,223006.0,225154.0,0.0
4875,223006.0,223004.0,0.0
4876,223006.0,257413.0,0.0
4877,223006.0,221874.0,0.0
4878,223006.0,223005.0,0.0
4879,223006.0,227878.0,0.0
4880,223006.0,223006.0,0.0
4881,223006.0,223007.0,0.0
4882,223006.0,221875.0,0.0
4883,223006.0,227069.0,0.0
4884,223006.0,223008.0,0.0
4885,223006.0,221876.0,0.0
4886,223006.0,223009.0,0.0
4887,223006.0,221877.0,0.0
4888,223006.0,223010.0,0.0
4889,223007.0,225509.0,0.0
4890,223007.0,221834.0,0.0
4891,223007.0,221835.0,0.0
4892,223007.0,221837.0,0.0
4893,223007.0,226956.0,0.0
4894,223007.0,227346.0,0.0
4895,223007.0,221838.0,0.0
4896,223007.0,225510.0,0.0
4897,223007.0,225511.0,0.0
4898,223007.0,255827.0,0.0
4899,223007.0,221397.0,0.0
4900,223007.0,225512.0,0.0
4901,223007.0,225513.0,0.0
4902,223007.0,221398.0,0.0
4903,223007.0,257329.0,0.0
4904,223007.0,221842.0,0.0
4905,223007.0,221843.0,0.0
4906,223007.0,221844.0,0.0
4907,223007.0,254359.0,0.0
4908,223007.0,221845.0,0.0
4909,223007.0,221846.0,0.0
4910,223007.0,255115.0,0.0
4911,223007.0,255116.0,0.0
4912,223007.0,221847.0,0.0
4913,223007.0,221849.0,0.0
4914,223007.0,221851.0,0.0
4915,223007.0,254879.0,0.0
4916,223007.0,221853.0,0.0
4917,223007.0,221854.0,0.0
4918,223007.0,221856.0,0.0
4919,223007.0,222994.0,0.0
4920,223007.0,259486.0,0.0
4921,223007.0,225515.0,0.0
4922,223007.0,258174.0,0.0
4923,223007.0,258175.0,0.0
4924,223007.0,225152.0,0.0
4925,223007.0,257330.0,0.0
4926,223007.0,228324.0,0.0
4927,223007.0,227621.0,0.0
4928,223007.0,222995.0,0.0
4929,223007.0,222996.0,0.0
4930,223007.0,228129.0,0.0
4931,223007.0,222997.0,0.0
4932,223007.0,223000.0,0.0
4933,223007.0,221862.0,0.0
4934,223007.0,226742.0,0.0
4935,223007.0,222999.0,0.0
4936,223007.0,226744.0,0.0
4937,223007.0,226745.0,0.0
4938,223007.0,221865.0,0.0
4939,223007.0,221866.0,0.0
4940,223007.0,227348.0,0.0
4941,223007.0,255319.0,0.0
4942,223007.0,255294.0,0.0
4943,223007.0,255320.0,0.0
4944,223007.0,221872.0,0.0
4945,223007.0,221873.0,0.0
4946,223007.0,223002.0,0.0
4947,223007.0,225154.0,0.0
4948,223007.0,223004.0,0.0
4949,223007.0,257413.0,0.0
4950,223007.0,221874.0,0.0
4951,223007.0,223005.0,0.0
4952,223007.0,227878.0,0.0
4953,223007.0,223006.0,0.0
4954,223007.0,223007.0,0.0
4955,223007.0,221875.0,0.0
4956,223007.0,227069.0,0.0
4957,223007.0,223008.0,0.0
4958,223007.0,221876.0,0.0
4959,223007.0,223009.0,0.0
4960,223007.0,221877.0,0.0
4961,223007.0,223010.0,0.0
4962,221875.0,225509.0,0.0
4963,221875.0,221834.0,0.0
4964,221875.0,221835.0,0.0
4965,221875.0,221837.0,0.0
4966,221875.0,226956.0,0.0
4967,221875.0,227346.0,0.0
4968,221875.0,221838.0,0.0
4969,221875.0,225510.0,0.0
4970,221875.0,225511.0,0.0
4971,221875.0,255827.0,0.0
4972,221875.0,221397.0,0.0
4973,221875.0,225512.0,0.0
4974,221875.0,225513.0,0.0
4975,221875.0,221398.0,0.0
4976,221875.0,257329.0,0.0
4977,221875.0,221842.0,0.0
4978,221875.0,221843.0,0.0
4979,221875.0,221844.0,0.0
4980,221875.0,254359.0,0.0
4981,221875.0,221845.0,0.0
4982,221875.0,221846.0,0.0
4983,221875.0,255115.0,0.0
4984,221875.0,255116.0,0.0
4985,221875.0,221847.0,0.0
4986,221875.0,221849.0,0.0
4987,221875.0,221851.0,0.0
4988,221875.0,254879.0,0.0
4989,221875.0,221853.0,0.0
4990,221875.0,221854.0,0.0
4991,221875.0,221856.0,0.0
4992,221875.0,222994.0,0.0
4993,221875.0,259486.0,0.0
4994,221875.0,225515.0,0.0
4995,221875.0,258174.0,0.0
4996,221875.0,258175.0,0.0
4997,221875.0,225152.0,0.0
4998,221875.0,257330.0,0.0
4999,221875.0,228324.0,0.0
5000,221875.0,227621.0,0.0
5001,221875.0,222995.0,0.0
5002,221875.0,222996.0,0.0
5003,221875.0,228129.0,0.0
5004,221875.0,222997.0,0.0
5005,221875.0,223000.0,0.0
5006,221875.0,221862.0,0.0
5007,221875.0,226742.0,0.0
5008,221875.0,222999.0,0.0
5009,221875.0,226744.0,0.0
5010,221875.0,226745.0,0.0
5011,221875.0,221865.0,0.0
5012,221875.0,221866.0,0.0
5013,221875.0,227348.0,0.0
5014,221875.0,255319.0,0.0
5015,221875.0,255294.0,0.0
5016,221875.0,255320.0,0.0
5017,221875.0,221872.0,0.0
5018,221875.0,221873.0,0.0
5019,221875.0,223002.0,0.0
5020,221875.0,225154.0,0.0
5021,221875.0,223004.0,0.0
5022,221875.0,257413.0,0.0
5023,221875.0,221874.0,0.0
5024,221875.0,223005.0,0.0
5025,221875.0,227878.0,0.0
5026,221875.0,223006.0,0.0
5027,221875.0,223007.0,0.0
5028,221875.0,221875.0,0.0
5029,221875.0,227069.0,0.0
5030,221875.0,223008.0,0.0
5031,221875.0,221876.0,0.0
5032,221875.0,223009.0,0.0
5033,221875.0,221877.0,0.0
5034,221875.0,223010.0,0.0
5035,227069.0,225509.0,0.0
5036,227069.0,221834.0,0.0
5037,227069.0,221835.0,0.0
5038,227069.0,221837.0,0.0
5039,227069.0,226956.0,0.0
5040,227069.0,227346.0,0.0
5041,227069.0,221838.0,0.0
5042,227069.0,225510.0,0.0
5043,227069.0,225511.0,0.0
5044,227069.0,255827.0,0.0
5045,227069.0,221397.0,0.0
5046,227069.0,225512.0,0.0
5047,227069.0,225513.0,0.0
5048,227069.0,221398.0,0.0
5049,227069.0,257329.0,0.0
5050,227069.0,221842.0,0.0
5051,227069.0,221843.0,0.0
5052,227069.0,221844.0,0.0
5053,227069.0,254359.0,0.0
5054,227069.0,221845.0,0.0
5055,227069.0,221846.0,0.0
5056,227069.0,255115.0,0.0
5057,227069.0,255116.0,0.0
5058,227069.0,221847.0,0.0
5059,227069.0,221849.0,0.0
5060,227069.0,221851.0,0.0
5061,227069.0,254879.0,0.0
5062,227069.0,221853.0,0.0
5063,227069.0,221854.0,0.0
5064,227069.0,221856.0,0.0
5065,227069.0,222994.0,0.0
5066,227069.0,259486.0,0.0
5067,227069.0,225515.0,0.0
5068,227069.0,258174.0,0.0
5069,227069.0,258175.0,0.0
5070,227069.0,225152.0,0.0
5071,227069.0,257330.0,0.0
5072,227069.0,228324.0,0.0
5073,227069.0,227621.0,0.0
5074,227069.0,222995.0,0.0
5075,227069.0,222996.0,0.0
5076,227069.0,228129.0,0.0
5077,227069.0,222997.0,0.0
5078,227069.0,223000.0,0.0
5079,227069.0,221862.0,0.0
5080,227069.0,226742.0,0.0
5081,227069.0,222999.0,0.0
5082,227069.0,226744.0,0.0
5083,227069.0,226745.0,0.0
5084,227069.0,221865.0,0.0
5085,227069.0,221866.0,0.0
5086,227069.0,227348.0,0.0
5087,227069.0,255319.0,0.0
5088,227069.0,255294.0,0.0
5089,227069.0,255320.0,0.0
5090,227069.0,221872.0,0.0
5091,227069.0,221873.0,0.0
5092,227069.0,223002.0,0.0
5093,227069.0,225154.0,0.0
5094,227069.0,223004.0,0.0
5095,227069.0,257413.0,0.0
5096,227069.0,221874.0,0.0
5097,227069.0,223005.0,0.0
5098,227069.0,227878.0,0.0
5099,227069.0,223006.0,0.0
5100,227069.0,223007.0,0.0
5101,227069.0,221875.0,0.0
5102,227069.0,227069.0,0.0
5103,227069.0,223008.0,0.0
5104,227069.0,221876.0,0.0
5105,227069.0,223009.0,0.0
5106,227069.0,221877.0,0.0
5107,227069.0,223010.0,0.0
5108,223008.0,225509.0,0.0
5109,223008.0,221834.0,0.0
5110,223008.0,221835.0,0.0
5111,223008.0,221837.0,0.0
5112,223008.0,226956.0,0.0
5113,223008.0,227346.0,0.0
5114,223008.0,221838.0,0.0
5115,223008.0,225510.0,0.0
5116,223008.0,225511.0,0.0
5117,223008.0,255827.0,0.0
5118,223008.0,221397.0,0.0
5119,223008.0,225512.0,0.0
5120,223008.0,225513.0,0.0
5121,223008.0,221398.0,0.0
5122,223008.0,257329.0,0.0
5123,223008.0,221842.0,0.0
5124,223008.0,221843.0,0.0
5125,223008.0,221844.0,0.0
5126,223008.0,254359.0,0.0
5127,223008.0,221845.0,0.0
5128,223008.0,221846.0,0.0
5129,223008.0,255115.0,0.0
5130,223008.0,255116.0,0.0
5131,223008.0,221847.0,0.0
5132,223008.0,221849.0,0.0
5133,223008.0,221851.0,0.0
5134,223008.0,254879.0,0.0
5135,223008.0,221853.0,0.0
5136,223008.0,221854.0,0.0
5137,223008.0,221856.0,0.0
5138,223008.0,222994.0,0.0
5139,223008.0,259486.0,0.0
5140,223008.0,225515.0,0.0
5141,223008.0,258174.0,0.0
5142,223008.0,258175.0,0.0
5143,223008.0,225152.0,0.0
5144,223008.0,257330.0,0.0
5145,223008.0,228324.0,0.0
5146,223008.0,227621.0,0.0
5147,223008.0,222995.0,0.0
5148,223008.0,222996.0,0.0
5149,223008.0,228129.0,0.0
5150,223008.0,222997.0,0.0
5151,223008.0,223000.0,0.0
5152,223008.0,221862.0,0.0
5153,223008.0,226742.0,0.0
5154,223008.0,222999.0,0.0
5155,223008.0,226744.0,0.0
5156,223008.0,226745.0,0.0
5157,223008.0,221865.0,0.0
5158,223008.0,221866.0,0.0
5159,223008.0,227348.0,0.0
5160,223008.0,255319.0,0.0
5161,223008.0,255294.0,0.0
5162,223008.0,255320.0,0.0
5163,223008.0,221872.0,0.0
5164,223008.0,221873.0,0.0
5165,223008.0,223002.0,0.0
5166,223008.0,225154.0,0.0
5167,223008.0,223004.0,0.0
5168,223008.0,257413.0,0.0
5169,223008.0,221874.0,0.0
5170,223008.0,223005.0,0.0
5171,223008.0,227878.0,0.0
5172,223008.0,223006.0,0.0
5173,223008.0,223007.0,0.0
5174,223008.0,221875.0,0.0
5175,223008.0,227069.0,0.0
5176,223008.0,223008.0,0.0
5177,223008.0,221876.0,0.0
5178,223008.0,223009.0,0.0
5179,223008.0,221877.0,0.0
5180,223008.0,223010.0,0.0
5181,221876.0,225509.0,0.0
5182,221876.0,221834.0,0.0
5183,221876.0,221835.0,0.0
5184,221876.0,221837.0,0.0
5185,221876.0,226956.0,0.0
5186,221876.0,227346.0,0.0
5187,221876.0,221838.0,0.0
5188,221876.0,225510.0,0.0
5189,221876.0,225511.0,0.0
5190,221876.0,255827.0,0.0
5191,221876.0,221397.0,0.0
5192,221876.0,225512.0,0.0
5193,221876.0,225513.0,0.0
5194,221876.0,221398.0,0.0
5195,221876.0,257329.0,0.0
5196,221876.0,221842.0,0.0
5197,221876.0,221843.0,0.0
5198,221876.0,221844.0,0.0
5199,221876.0,254359.0,0.0
5200,221876.0,221845.0,0.0
5201,221876.0,221846.0,0.0
5202,221876.0,255115.0,0.0
5203,221876.0,255116.0,0.0
5204,221876.0,221847.0,0.0
5205,221876.0,221849.0,0.0
5206,221876.0,221851.0,0.0
5207,221876.0,254879.0,0.0
5208,221876.0,221853.0,0.0
5209,221876.0,221854.0,0.0
5210,221876.0,221856.0,0.0
5211,221876.0,222994.0,0.0
5212,221876.0,259486.0,0.0
5213,221876.0,225515.0,0.0
5214,221876.0,258174.0,0.0
5215,221876.0,258175.0,0.0
5216,221876.0,225152.0,0.0
5217,221876.0,257330.0,0.0
5218,221876.0,228324.0,0.0
5219,221876.0,227621.0,0.0
5220,221876.0,222995.0,0.0
5221,221876.0,222996.0,0.0
5222,221876.0,228129.0,0.0
5223,221876.0,222997.0,0.0
5224,221876.0,223000.0,0.0
5225,221876.0,221862.0,0.0
5226,221876.0,226742.0,0.0
5227,221876.0,222999.0,0.0
5228,221876.0,226744.0,0.0
5229,221876.0,226745.0,0.0
5230,221876.0,221865.0,0.0
5231,221876.0,221866.0,0.0
5232,221876.0,227348.0,0.0
5233,221876.0,255319.0,0.0
5234,221876.0,255294.0,0.0
5235,221876.0,255320.0,0.0
5236,221876.0,221872.0,0.0
5237,221876.0,221873.0,0.0
5238,221876.0,223002.0,0.0
5239,221876.0,225154.0,0.0
5240,221876.0,223004.0,0.0
5241,221876.0,257413.0,0.0
5242,221876.0,221874.0,0.0
5243,221876.0,223005.0,0.0
5244,221876.0,227878.0,0.0
5245,221876.0,223006.0,0.0
5246,221876.0,223007.0,0.0
5247,221876.0,221875.0,0.0
5248,221876.0,227069.0,0.0
5249,221876.0,223008.0,0.0
5250,221876.0,221876.0,0.0
5251,221876.0,223009.0,0.0
5252,221876.0,221877.0,0.0
5253,221876.0,223010.0,0.0
5254,223009.0,225509.0,0.0
5255,223009.0,221834.0,0.0
5256,223009.0,221835.0,0.0
5257,223009.0,221837.0,0.0
5258,223009.0,226956.0,0.0
5259,223009.0,227346.0,0.0
5260,223009.0,221838.0,0.0
5261,223009.0,225510.0,0.0
5262,223009.0,225511.0,0.0
5263,223009.0,255827.0,0.0
5264,223009.0,221397.0,0.0
5265,223009.0,225512.0,0.0
5266,223009.0,225513.0,0.0
5267,223009.0,221398.0,0.0
5268,223009.0,257329.0,0.0
5269,223009.0,221842.0,0.0
5270,223009.0,221843.0,0.0
5271,223009.0,221844.0,0.0
5272,223009.0,254359.0,0.0
5273,223009.0,221845.0,0.0
5274,223009.0,221846.0,0.0
5275,223009.0,255115.0,0.0
5276,223009.0,255116.0,0.0
5277,223009.0,221847.0,0.0
5278,223009.0,221849.0,0.0
5279,223009.0,221851.0,0.0
5280,223009.0,254879.0,0.0
5281,223009.0,221853.0,0.0
5282,223009.0,221854.0,0.0
5283,223009.0,221856.0,0.0
5284,223009.0,222994.0,0.0
5285,223009.0,259486.0,0.0
5286,223009.0,225515.0,0.0
5287,223009.0,258174.0,0.0
5288,223009.0,258175.0,0.0
5289,223009.0,225152.0,0.0
5290,223009.0,257330.0,0.0
5291,223009.0,228324.0,0.0
5292,223009.0,227621.0,0.0
5293,223009.0,222995.0,0.0
5294,223009.0,222996.0,0.0
5295,223009.0,228129.0,0.0
5296,223009.0,222997.0,0.0
5297,223009.0,223000.0,0.0
5298,223009.0,221862.0,0.0
5299,223009.0,226742.0,0.0
5300,223009.0,222999.0,0.0
5301,223009.0,226744.0,0.0
5302,223009.0,226745.0,0.0
5303,223009.0,221865.0,0.0
5304,223009.0,221866.0,0.0
5305,223009.0,227348.0,0.0
5306,223009.0,255319.0,0.0
5307,223009.0,255294.0,0.0
5308,223009.0,255320.0,0.0
5309,223009.0,221872.0,0.0
5310,223009.0,221873.0,0.0
5311,223009.0,223002.0,0.0
5312,223009.0,225154.0,0.0
5313,223009.0,223004.0,0.0
5314,223009.0,257413.0,0.0
5315,223009.0,221874.0,0.0
5316,223009.0,223005.0,0.0
5317,223009.0,227878.0,0.0
5318,223009.0,223006.0,0.0
5319,223009.0,223007.0,0.0
5320,223009.0,221875.0,0.0
5321,223009.0,227069.0,0.0
5322,223009.0,223008.0,0.0
5323,223009.0,221876.0,0.0
5324,223009.0,223009.0,0.0
5325,223009.0,221877.0,0.0
5326,223009.0,223010.0,0.0
5327,221877.0,225509.0,0.0
5328,221877.0,221834.0,0.0
5329,221877.0,221835.0,0.0
5330,221877.0,221837.0,0.0
5331,221877.0,226956.0,0.0
5332,221877.0,227346.0,0.0
5333,221877.0,221838.0,0.0
5334,221877.0,225510.0,0.0
5335,221877.0,225511.0,0.0
5336,221877.0,255827.0,0.0
5337,221877.0,221397.0,0.0
5338,221877.0,225512.0,0.0
5339,221877.0,225513.0,0.0
5340,221877.0,221398.0,0.0
5341,221877.0,257329.0,0.0
5342,221877.0,221842.0,0.0
5343,221877.0,221843.0,0.0
5344,221877.0,221844.0,0.0
5345,221877.0,254359.0,0.0
5346,221877.0,221845.0,0.0
5347,221877.0,221846.0,0.0
5348,221877.0,255115.0,0.0
5349,221877.0,255116.0,0.0
5350,221877.0,221847.0,0.0
5351,221877.0,221849.0,0.0
5352,221877.0,221851.0,0.0
5353,221877.0,254879.0,0.0
5354,221877.0,221853.0,0.0
5355,221877.0,221854.0,0.0
5356,221877.0,221856.0,0.0
5357,221877.0,222994.0,0.0
5358,221877.0,259486.0,0.0
5359,221877.0,225515.0,0.0
5360,221877.0,258174.0,0.0
5361,221877.0,258175.0,0.0
5362,221877.0,225152.0,0.0
5363,221877.0,257330.0,0.0
5364,221877.0,228324.0,0.0
5365,221877.0,227621.0,0.0
5366,221877.0,222995.0,0.0
5367,221877.0,222996.0,0.0
5368,221877.0,228129.0,0.0
5369,221877.0,222997.0,0.0
5370,221877.0,223000.0,0.0
5371,221877.0,221862.0,0.0
5372,221877.0,226742.0,0.0
5373,221877.0,222999.0,0.0
5374,221877.0,226744.0,0.0
5375,221877.0,226745.0,0.0
5376,221877.0,221865.0,0.0
5377,221877.0,221866.0,0.0
5378,221877.0,227348.0,0.0
5379,221877.0,255319.0,0.0
5380,221877.0,255294.0,0.0
5381,221877.0,255320.0,0.0
5382,221877.0,221872.0,0.0
5383,221877.0,221873.0,0.0
5384,221877.0,223002.0,0.0
5385,221877.0,225154.0,0.0
5386,221877.0,223004.0,0.0
5387,221877.0,257413.0,0.0
5388,221877.0,221874.0,0.0
5389,221877.0,223005.0,0.0
5390,221877.0,227878.0,0.0
5391,221877.0,223006.0,0.0
5392,221877.0,223007.0,0.0
5393,221877.0,221875.0,0.0
5394,221877.0,227069.0,0.0
5395,221877.0,223008.0,0.0
5396,221877.0,221876.0,0.0
5397,221877.0,223009.0,0.0
5398,221877.0,221877.0,0.0
5399,221877.0,223010.0,0.0
5400,223010.0,225509.0,0.0
5401,223010.0,221834.0,0.0
5402,223010.0,221835.0,0.0
5403,223010.0,221837.0,0.0
5404,223010.0,226956.0,0.0
5405,223010.0,227346.0,0.0
5406,223010.0,221838.0,0.0
5407,223010.0,225510.0,0.0
5408,223010.0,225511.0,0.0
5409,223010.0,255827.0,0.0
5410,223010.0,221397.0,0.0
5411,223010.0,225512.0,0.0
5412,223010.0,225513.0,0.0
5413,223010.0,221398.0,0.0
5414,223010.0,257329.0,0.0
5415,223010.0,221842.0,0.0
5416,223010.0,221843.0,0.0
5417,223010.0,221844.0,0.0
5418,223010.0,254359.0,0.0
5419,223010.0,221845.0,0.0
5420,223010.0,221846.0,0.0
5421,223010.0,255115.0,0.0
5422,223010.0,255116.0,0.0
5423,223010.0,221847.0,0.0
5424,223010.0,221849.0,0.0
5425,223010.0,221851.0,0.0
5426,223010.0,254879.0,0.0
5427,223010.0,221853.0,0.0
5428,223010.0,221854.0,0.0
5429,223010.0,221856.0,0.0
5430,223010.0,222994.0,0.0
5431,223010.0,259486.0,0.0
5432,223010.0,225515.0,0.0
5433,223010.0,258174.0,0.0
5434,223010.0,258175.0,0.0
5435,223010.0,225152.0,0.0
5436,223010.0,257330.0,0.0
5437,223010.0,228324.0,0.0
5438,223010.0,227621.0,0.0
5439,223010.0,222995.0,0.0
5440,223010.0,222996.0,0.0
5441,223010.0,228129.0,0.0
5442,223010.0,222997.0,0.0
5443,223010.0,223000.0,0.0
5444,223010.0,221862.0,0.0
5445,223010.0,226742.0,0.0
5446,223010.0,222999.0,0.0
5447,223010.0,226744.0,0.0
5448,223010.0,226745.0,0.0
5449,223010.0,221865.0,0.0
5450,223010.0,221866.0,0.0
5451,223010.0,227348.0,0.0
5452,223010.0,255319.0,0.0
5453,223010.0,255294.0,0.0
5454,223010.0,255320.0,0.0
5455,223010.0,221872.0,0.0
5456,223010.0,221873.0,0.0
5457,223010.0,223002.0,0.0
5458,223010.0,225154.0,0.0
5459,223010.0,223004.0,0.0
5460,223010.0,257413.0,0.0
5461,223010.0,221874.0,0.0
5462,223010.0,223005.0,0.0
5463,223010.0,227878.0,0.0
5464,223010.0,223006.0,0.0
5465,223010.0,223007.0,0.0
5466,223010.0,221875.0,0.0
5467,223010.0,227069.0,0.0
5468,223010.0,223008.0,0.0
5469,223010.0,221876.0,0.0
5470,223010.0,223009.0,0.0
5471,223010.0,221877.0,0.0
5472,223010.0,223010.0,0.0
5473,225509.0,130946.0,0.0
5474,225509.0,256270.0,0.0
5475,225509.0,130947.0,0.0
5476,225509.0,177874.0,0.0
5477,225509.0,177037.0,0.0
5478,225509.0,129738.0,0.0
5479,225509.0,254328.0,0.0
5480,225509.0,226986.0,0.0
5481,225509.0,227311.0,0.0
5482,225509.0,179674.0,0.0
5483,225509.0,179528.0,0.0
5484,225509.0,227287.0,0.0
5485,221834.0,130946.0,0.0
5486,221834.0,256270.0,0.0
5487,221834.0,130947.0,0.0
5488,221834.0,177874.0,0.0
5489,221834.0,177037.0,0.0
5490,221834.0,129738.0,0.0
5491,221834.0,254328.0,0.0
5492,221834.0,226986.0,0.0
5493,221834.0,227311.0,0.0
5494,221834.0,179674.0,0.0
5495,221834.0,179528.0,0.0
5496,221834.0,227287.0,0.0
5497,221835.0,130946.0,0.0
5498,221835.0,256270.0,0.0
5499,221835.0,130947.0,0.0
5500,221835.0,177874.0,0.0
5501,221835.0,177037.0,0.0
5502,221835.0,129738.0,0.0
5503,221835.0,254328.0,0.0
5504,221835.0,226986.0,0.0
5505,221835.0,227311.0,0.0
5506,221835.0,179674.0,0.0
5507,221835.0,179528.0,0.0
5508,221835.0,227287.0,0.0
5509,221837.0,130946.0,0.0
5510,221837.0,256270.0,0.0
5511,221837.0,130947.0,0.0
5512,221837.0,177874.0,0.0
5513,221837.0,177037.0,0.0
5514,221837.0,129738.0,0.0
5515,221837.0,254328.0,0.0
5516,221837.0,226986.0,0.0
5517,221837.0,227311.0,0.0
5518,221837.0,179674.0,0.0
5519,221837.0,179528.0,0.0
5520,221837.0,227287.0,0.0
5521,226956.0,130946.0,0.0
5522,226956.0,256270.0,0.0
5523,226956.0,130947.0,0.0
5524,226956.0,177874.0,0.0
5525,226956.0,177037.0,0.0
5526,226956.0,129738.0,0.0
5527,226956.0,254328.0,0.0
5528,226956.0,226986.0,0.0
5529,226956.0,227311.0,0.0
5530,226956.0,179674.0,0.0
5531,226956.0,179528.0,0.0
5532,226956.0,227287.0,0.0
5533,227346.0,130946.0,0.0
5534,227346.0,256270.0,0.0
5535,227346.0,130947.0,0.0
5536,227346.0,177874.0,0.0
5537,227346.0,177037.0,0.0
5538,227346.0,129738.0,0.0
5539,227346.0,254328.0,0.0
5540,227346.0,226986.0,0.0
5541,227346.0,227311.0,0.0
5542,227346.0,179674.0,0.0
5543,227346.0,179528.0,0.0
5544,227346.0,227287.0,0.0
5545,221838.0,130946.0,0.0
5546,221838.0,256270.0,0.0
5547,221838.0,130947.0,0.0
5548,221838.0,177874.0,0.0
5549,221838.0,177037.0,0.0
5550,221838.0,129738.0,0.0
5551,221838.0,254328.0,0.0
5552,221838.0,226986.0,0.0
5553,221838.0,227311.0,0.0
5554,221838.0,179674.0,0.0
5555,221838.0,179528.0,0.0
5556,221838.0,227287.0,0.0
5557,225510.0,130946.0,0.0
5558,225510.0,256270.0,0.0
5559,225510.0,130947.0,0.0
5560,225510.0,177874.0,0.0
5561,225510.0,177037.0,0.0
5562,225510.0,129738.0,0.0
5563,225510.0,254328.0,0.0
5564,225510.0,226986.0,0.0
5565,225510.0,227311.0,0.0
5566,225510.0,179674.0,0.0
5567,225510.0,179528.0,0.0
5568,225510.0,227287.0,0.0
5569,225511.0,130946.0,0.0
5570,225511.0,256270.0,0.0
5571,225511.0,130947.0,0.0
5572,225511.0,177874.0,0.0
5573,225511.0,177037.0,0.0
5574,225511.0,129738.0,0.0
5575,225511.0,254328.0,0.0
5576,225511.0,226986.0,0.0
5577,225511.0,227311.0,0.0
5578,225511.0,179674.0,0.0
5579,225511.0,179528.0,0.0
5580,225511.0,227287.0,0.0
5581,255827.0,130946.0,0.0
5582,255827.0,256270.0,0.0
5583,255827.0,130947.0,0.0
5584,255827.0,177874.0,0.0
5585,255827.0,177037.0,0.0
5586,255827.0,129738.0,0.0
5587,255827.0,254328.0,0.0
5588,255827.0,226986.0,0.0
5589,255827.0,227311.0,0.0
5590,255827.0,179674.0,0.0
5591,255827.0,179528.0,0.0
5592,255827.0,227287.0,0.0
5593,221397.0,130946.0,0.0
5594,221397.0,256270.0,0.0
5595,221397.0,130947.0,0.0
5596,221397.0,177874.0,0.0
5597,221397.0,177037.0,0.0
5598,221397.0,129738.0,0.0
5599,221397.0,254328.0,0.0
5600,221397.0,226986.0,0.0
5601,221397.0,227311.0,0.0
5602,221397.0,179674.0,0.0
5603,221397.0,179528.0,0.0
5604,221397.0,227287.0,0.0
5605,225512.0,130946.0,0.0
5606,225512.0,256270.0,0.0
5607,225512.0,130947.0,0.0
5608,225512.0,177874.0,0.0
5609,225512.0,177037.0,0.0
5610,225512.0,129738.0,0.0
5611,225512.0,254328.0,0.0
5612,225512.0,226986.0,0.0
5613,225512.0,227311.0,0.0
5614,225512.0,179674.0,0.0
5615,225512.0,179528.0,0.0
5616,225512.0,227287.0,0.0
5617,225513.0,130946.0,0.0
5618,225513.0,256270.0,0.0
5619,225513.0,130947.0,0.0
5620,225513.0,177874.0,0.0
5621,225513.0,177037.0,0.0
5622,225513.0,129738.0,0.0
5623,225513.0,254328.0,0.0
5624,225513.0,226986.0,0.0
5625,225513.0,227311.0,0.0
5626,225513.0,179674.0,0.0
5627,225513.0,179528.0,0.0
5628,225513.0,227287.0,0.0
5629,221398.0,130946.0,0.0
5630,221398.0,256270.0,0.0
5631,221398.0,130947.0,0.0
5632,221398.0,177874.0,0.0
5633,221398.0,177037.0,0.0
5634,221398.0,129738.0,0.0
5635,221398.0,254328.0,0.0
5636,221398.0,226986.0,0.0
5637,221398.0,227311.0,0.0
5638,221398.0,179674.0,0.0
5639,221398.0,179528.0,0.0
5640,221398.0,227287.0,0.0
5641,257329.0,130946.0,0.0
5642,257329.0,256270.0,0.0
5643,257329.0,130947.0,0.0
5644,257329.0,177874.0,0.0
5645,257329.0,177037.0,0.0
5646,257329.0,129738.0,0.0
5647,257329.0,254328.0,0.0
5648,257329.0,226986.0,0.0
5649,257329.0,227311.0,0.0
5650,257329.0,179674.0,0.0
5651,257329.0,179528.0,0.0
5652,257329.0,227287.0,0.0
5653,221842.0,130946.0,0.0
5654,221842.0,256270.0,0.0
5655,221842.0,130947.0,0.0
5656,221842.0,177874.0,0.0
5657,221842.0,177037.0,0.0
5658,221842.0,129738.0,0.0
5659,221842.0,254328.0,0.0
5660,221842.0,226986.0,0.0
5661,221842.0,227311.0,0.0
5662,221842.0,179674.0,0.0
5663,221842.0,179528.0,0.0
5664,221842.0,227287.0,0.0
5665,221843.0,130946.0,0.0
5666,221843.0,256270.0,0.0
5667,221843.0,130947.0,0.0
5668,221843.0,177874.0,0.0
5669,221843.0,177037.0,0.0
5670,221843.0,129738.0,0.0
5671,221843.0,254328.0,0.0
5672,221843.0,226986.0,0.0
5673,221843.0,227311.0,0.0
5674,221843.0,179674.0,0.0
5675,221843.0,179528.0,0.0
5676,221843.0,227287.0,0.0
5677,221844.0,130946.0,0.0
5678,221844.0,256270.0,0.0
5679,221844.0,130947.0,0.0
5680,221844.0,177874.0,0.0
5681,221844.0,177037.0,0.0
5682,221844.0,129738.0,0.0
5683,221844.0,254328.0,0.0
5684,221844.0,226986.0,0.0
5685,221844.0,227311.0,0.0
5686,221844.0,179674.0,0.0
5687,221844.0,179528.0,0.0
5688,221844.0,227287.0,0.0
5689,254359.0,130946.0,0.0
5690,254359.0,256270.0,0.0
5691,254359.0,130947.0,0.0
5692,254359.0,177874.0,0.0
5693,254359.0,177037.0,0.0
5694,254359.0,129738.0,0.0
5695,254359.0,254328.0,0.0
5696,254359.0,226986.0,0.0
5697,254359.0,227311.0,0.0
5698,254359.0,179674.0,0.0
5699,254359.0,179528.0,0.0
5700,254359.0,227287.0,0.0
5701,221845.0,130946.0,0.0
5702,221845.0,256270.0,0.0
5703,221845.0,130947.0,0.0
5704,221845.0,177874.0,0.0
5705,221845.0,177037.0,0.0
5706,221845.0,129738.0,0.0
5707,221845.0,254328.0,0.0
5708,221845.0,226986.0,0.0
5709,221845.0,227311.0,0.0
5710,221845.0,179674.0,0.0
5711,221845.0,179528.0,0.0
5712,221845.0,227287.0,0.0
5713,221846.0,130946.0,0.0
5714,221846.0,256270.0,0.0
5715,221846.0,130947.0,0.0
5716,221846.0,177874.0,0.0
5717,221846.0,177037.0,0.0
5718,221846.0,129738.0,0.0
5719,221846.0,254328.0,0.0
5720,221846.0,226986.0,0.0
5721,221846.0,227311.0,0.0
5722,221846.0,179674.0,0.0
5723,221846.0,179528.0,0.0
5724,221846.0,227287.0,0.0
5725,255115.0,130946.0,0.0
5726,255115.0,256270.0,0.0
5727,255115.0,130947.0,0.0
5728,255115.0,177874.0,0.0
5729,255115.0,177037.0,0.0
5730,255115.0,129738.0,0.0
5731,255115.0,254328.0,0.0
5732,255115.0,226986.0,0.0
5733,255115.0,227311.0,0.0
5734,255115.0,179674.0,0.0
5735,255115.0,179528.0,0.0
5736,255115.0,227287.0,0.0
5737,255116.0,130946.0,0.0
5738,255116.0,256270.0,0.0
5739,255116.0,130947.0,0.0
5740,255116.0,177874.0,0.0
5741,255116.0,177037.0,0.0
5742,255116.0,129738.0,0.0
5743,255116.0,254328.0,0.0
5744,255116.0,226986.0,0.0
5745,255116.0,227311.0,0.0
5746,255116.0,179674.0,0.0
5747,255116.0,179528.0,0.0
5748,255116.0,227287.0,0.0
5749,221847.0,130946.0,0.0
5750,221847.0,256270.0,0.0
5751,221847.0,130947.0,0.0
5752,221847.0,177874.0,0.0
5753,221847.0,177037.0,0.0
5754,221847.0,129738.0,0.0
5755,221847.0,254328.0,0.0
5756,221847.0,226986.0,0.0
5757,221847.0,227311.0,0.0
5758,221847.0,179674.0,0.0
5759,221847.0,179528.0,0.0
5760,221847.0,227287.0,0.0
5761,221849.0,130946.0,0.0
5762,221849.0,256270.0,0.0
5763,221849.0,130947.0,0.0
5764,221849.0,177874.0,0.0
5765,221849.0,177037.0,0.0
5766,221849.0,129738.0,0.0
5767,221849.0,254328.0,0.0
5768,221849.0,226986.0,0.0
5769,221849.0,227311.0,0.0
5770,221849.0,179674.0,0.0
5771,221849.0,179528.0,0.0
5772,221849.0,227287.0,0.0
5773,221851.0,130946.0,0.0
5774,221851.0,256270.0,0.0
5775,221851.0,130947.0,0.0
5776,221851.0,177874.0,0.0
5777,221851.0,177037.0,0.0
5778,221851.0,129738.0,0.0
5779,221851.0,254328.0,0.0
5780,221851.0,226986.0,0.0
5781,221851.0,227311.0,0.0
5782,221851.0,179674.0,0.0
5783,221851.0,179528.0,0.0
5784,221851.0,227287.0,0.0
5785,254879.0,130946.0,0.0
5786,254879.0,256270.0,0.0
5787,254879.0,130947.0,0.0
5788,254879.0,177874.0,0.0
5789,254879.0,177037.0,0.0
5790,254879.0,129738.0,0.0
5791,254879.0,254328.0,0.0
5792,254879.0,226986.0,0.0
5793,254879.0,227311.0,0.0
5794,254879.0,179674.0,0.0
5795,254879.0,179528.0,0.0
5796,254879.0,227287.0,0.0
5797,221853.0,130946.0,0.0
5798,221853.0,256270.0,0.0
5799,221853.0,130947.0,0.0
5800,221853.0,177874.0,0.0
5801,221853.0,177037.0,0.0
5802,221853.0,129738.0,0.0
5803,221853.0,254328.0,0.0
5804,221853.0,226986.0,0.0
5805,221853.0,227311.0,0.0
5806,221853.0,179674.0,0.0
5807,221853.0,179528.0,0.0
5808,221853.0,227287.0,0.0
5809,221854.0,130946.0,0.0
5810,221854.0,256270.0,0.0
5811,221854.0,130947.0,0.0
5812,221854.0,177874.0,0.0
5813,221854.0,177037.0,0.0
5814,221854.0,129738.0,0.0
5815,221854.0,254328.0,0.0
5816,221854.0,226986.0,0.0
5817,221854.0,227311.0,0.0
5818,221854.0,179674.0,0.0
5819,221854.0,179528.0,0.0
5820,221854.0,227287.0,0.0
5821,221856.0,130946.0,0.0
5822,221856.0,256270.0,0.0
5823,221856.0,130947.0,0.0
5824,221856.0,177874.0,0.0
5825,221856.0,177037.0,0.0
5826,221856.0,129738.0,0.0
5827,221856.0,254328.0,0.0
5828,221856.0,226986.0,0.0
5829,221856.0,227311.0,0.0
5830,221856.0,179674.0,0.0
5831,221856.0,179528.0,0.0
5832,221856.0,227287.0,0.0
5833,222994.0,130946.0,0.0
5834,222994.0,256270.0,0.0
5835,222994.0,130947.0,0.0
5836,222994.0,177874.0,0.0
5837,222994.0,177037.0,0.0
5838,222994.0,129738.0,0.0
5839,222994.0,254328.0,0.0
5840,222994.0,226986.0,0.0
5841,222994.0,227311.0,0.0
5842,222994.0,179674.0,0.0
5843,222994.0,179528.0,0.0
5844,222994.0,227287.0,0.0
5845,259486.0,130946.0,0.0
5846,259486.0,256270.0,0.0
5847,259486.0,130947.0,0.0
5848,259486.0,177874.0,0.0
5849,259486.0,177037.0,0.0
5850,259486.0,129738.0,0.0
5851,259486.0,254328.0,0.0
5852,259486.0,226986.0,0.0
5853,259486.0,227311.0,0.0
5854,259486.0,179674.0,0.0
5855,259486.0,179528.0,0.0
5856,259486.0,227287.0,0.0
5857,225515.0,130946.0,0.0
5858,225515.0,256270.0,0.0
5859,225515.0,130947.0,0.0
5860,225515.0,177874.0,0.0
5861,225515.0,177037.0,0.0
5862,225515.0,129738.0,0.0
5863,225515.0,254328.0,0.0
5864,225515.0,226986.0,0.0
5865,225515.0,227311.0,0.0
5866,225515.0,179674.0,0.0
5867,225515.0,179528.0,0.0
5868,225515.0,227287.0,0.0
5869,258174.0,130946.0,0.0
5870,258174.0,256270.0,0.0
5871,258174.0,130947.0,0.0
5872,258174.0,177874.0,0.0
5873,258174.0,177037.0,0.0
5874,258174.0,129738.0,0.0
5875,258174.0,254328.0,0.0
5876,258174.0,226986.0,0.0
5877,258174.0,227311.0,0.0
5878,258174.0,179674.0,0.0
5879,258174.0,179528.0,0.0
5880,258174.0,227287.0,0.0
5881,258175.0,130946.0,0.0
5882,258175.0,256270.0,0.0
5883,258175.0,130947.0,0.0
5884,258175.0,177874.0,0.0
5885,258175.0,177037.0,0.0
5886,258175.0,129738.0,0.0
5887,258175.0,254328.0,0.0
5888,258175.0,226986.0,0.0
5889,258175.0,227311.0,0.0
5890,258175.0,179674.0,0.0
5891,258175.0,179528.0,0.0
5892,258175.0,227287.0,0.0
5893,225152.0,130946.0,0.0
5894,225152.0,256270.0,0.0
5895,225152.0,130947.0,0.0
5896,225152.0,177874.0,0.0
5897,225152.0,177037.0,0.0
5898,225152.0,129738.0,0.0
5899,225152.0,254328.0,0.0
5900,225152.0,226986.0,0.0
5901,225152.0,227311.0,0.0
5902,225152.0,179674.0,0.0
5903,225152.0,179528.0,0.0
5904,225152.0,227287.0,0.0
5905,257330.0,130946.0,0.0
5906,257330.0,256270.0,0.0
5907,257330.0,130947.0,0.0
5908,257330.0,177874.0,0.0
5909,257330.0,177037.0,0.0
5910,257330.0,129738.0,0.0
5911,257330.0,254328.0,0.0
5912,257330.0,226986.0,0.0
5913,257330.0,227311.0,0.0
5914,257330.0,179674.0,0.0
5915,257330.0,179528.0,0.0
5916,257330.0,227287.0,0.0
5917,228324.0,130946.0,0.0
5918,228324.0,256270.0,0.0
5919,228324.0,130947.0,0.0
5920,228324.0,177874.0,0.0
5921,228324.0,177037.0,0.0
5922,228324.0,129738.0,0.0
5923,228324.0,254328.0,0.0
5924,228324.0,226986.0,0.0
5925,228324.0,227311.0,0.0
5926,228324.0,179674.0,0.0
5927,228324.0,179528.0,0.0
5928,228324.0,227287.0,0.0
5929,227621.0,130946.0,0.0
5930,227621.0,256270.0,0.0
5931,227621.0,130947.0,0.0
5932,227621.0,177874.0,0.0
5933,227621.0,177037.0,0.0
5934,227621.0,129738.0,0.0
5935,227621.0,254328.0,0.0
5936,227621.0,226986.0,0.0
5937,227621.0,227311.0,0.0
5938,227621.0,179674.0,0.0
5939,227621.0,179528.0,0.0
5940,227621.0,227287.0,0.0
5941,222995.0,130946.0,0.0
5942,222995.0,256270.0,0.0
5943,222995.0,130947.0,0.0
5944,222995.0,177874.0,0.0
5945,222995.0,177037.0,0.0
5946,222995.0,129738.0,0.0
5947,222995.0,254328.0,0.0
5948,222995.0,226986.0,0.0
5949,222995.0,227311.0,0.0
5950,222995.0,179674.0,0.0
5951,222995.0,179528.0,0.0
5952,222995.0,227287.0,0.0
5953,222996.0,130946.0,0.0
5954,222996.0,256270.0,0.0
5955,222996.0,130947.0,0.0
5956,222996.0,177874.0,0.0
5957,222996.0,177037.0,0.0
5958,222996.0,129738.0,0.0
5959,222996.0,254328.0,0.0
5960,222996.0,226986.0,0.0
5961,222996.0,227311.0,0.0
5962,222996.0,179674.0,0.0
5963,222996.0,179528.0,0.0
5964,222996.0,227287.0,0.0
5965,228129.0,130946.0,0.0
5966,228129.0,256270.0,0.0
5967,228129.0,130947.0,0.0
5968,228129.0,177874.0,0.0
5969,228129.0,177037.0,0.0
5970,228129.0,129738.0,0.0
5971,228129.0,254328.0,0.0
5972,228129.0,226986.0,0.0
5973,228129.0,227311.0,0.0
5974,228129.0,179674.0,0.0
5975,228129.0,179528.0,0.0
5976,228129.0,227287.0,0.0
5977,222997.0,130946.0,0.0
5978,222997.0,256270.0,0.0
5979,222997.0,130947.0,0.0
5980,222997.0,177874.0,0.0
5981,222997.0,177037.0,0.0
5982,222997.0,129738.0,0.0
5983,222997.0,254328.0,0.0
5984,222997.0,226986.0,0.0
5985,222997.0,227311.0,0.0
5986,222997.0,179674.0,0.0
5987,222997.0,179528.0,0.0
5988,222997.0,227287.0,0.0
5989,223000.0,130946.0,0.0
5990,223000.0,256270.0,0.0
5991,223000.0,130947.0,0.0
5992,223000.0,177874.0,0.0
5993,223000.0,177037.0,0.0
5994,223000.0,129738.0,0.0
5995,223000.0,254328.0,0.0
5996,223000.0,226986.0,0.0
5997,223000.0,227311.0,0.0
5998,223000.0,179674.0,0.0
5999,223000.0,179528.0,0.0
6000,223000.0,227287.0,0.0
6001,221862.0,130946.0,0.0
6002,221862.0,256270.0,0.0
6003,221862.0,130947.0,0.0
6004,221862.0,177874.0,0.0
6005,221862.0,177037.0,0.0
6006,221862.0,129738.0,0.0
6007,221862.0,254328.0,0.0
6008,221862.0,226986.0,0.0
6009,221862.0,227311.0,0.0
6010,221862.0,179674.0,0.0
6011,221862.0,179528.0,0.0
6012,221862.0,227287.0,0.0
6013,226742.0,130946.0,0.0
6014,226742.0,256270.0,0.0
6015,226742.0,130947.0,0.0
6016,226742.0,177874.0,0.0
6017,226742.0,177037.0,0.0
6018,226742.0,129738.0,0.0
6019,226742.0,254328.0,0.0
6020,226742.0,226986.0,0.0
6021,226742.0,227311.0,0.0
6022,226742.0,179674.0,0.0
6023,226742.0,179528.0,0.0
6024,226742.0,227287.0,0.0
6025,222999.0,130946.0,0.0
6026,222999.0,256270.0,0.0
6027,222999.0,130947.0,0.0
6028,222999.0,177874.0,0.0
6029,222999.0,177037.0,0.0
6030,222999.0,129738.0,0.0
6031,222999.0,254328.0,0.0
6032,222999.0,226986.0,0.0
6033,222999.0,227311.0,0.0
6034,222999.0,179674.0,0.0
6035,222999.0,179528.0,0.0
6036,222999.0,227287.0,0.0
6037,226744.0,130946.0,0.0
6038,226744.0,256270.0,0.0
6039,226744.0,130947.0,0.0
6040,226744.0,177874.0,0.0
6041,226744.0,177037.0,0.0
6042,226744.0,129738.0,0.0
6043,226744.0,254328.0,0.0
6044,226744.0,226986.0,0.0
6045,226744.0,227311.0,0.0
6046,226744.0,179674.0,0.0
6047,226744.0,179528.0,0.0
6048,226744.0,227287.0,0.0
6049,226745.0,130946.0,0.0
6050,226745.0,256270.0,0.0
6051,226745.0,130947.0,0.0
6052,226745.0,177874.0,0.0
6053,226745.0,177037.0,0.0
6054,226745.0,129738.0,0.0
6055,226745.0,254328.0,0.0
6056,226745.0,226986.0,0.0
6057,226745.0,227311.0,0.0
6058,226745.0,179674.0,0.0
6059,226745.0,179528.0,0.0
6060,226745.0,227287.0,0.0
6061,221865.0,130946.0,0.0
6062,221865.0,256270.0,0.0
6063,221865.0,130947.0,0.0
6064,221865.0,177874.0,0.0
6065,221865.0,177037.0,0.0
6066,221865.0,129738.0,0.0
6067,221865.0,254328.0,0.0
6068,221865.0,226986.0,0.0
6069,221865.0,227311.0,0.0
6070,221865.0,179674.0,0.0
6071,221865.0,179528.0,0.0
6072,221865.0,227287.0,0.0
6073,221866.0,130946.0,0.0
6074,221866.0,256270.0,0.0
6075,221866.0,130947.0,0.0
6076,221866.0,177874.0,0.0
6077,221866.0,177037.0,0.0
6078,221866.0,129738.0,0.0
6079,221866.0,254328.0,0.0
6080,221866.0,226986.0,0.0
6081,221866.0,227311.0,0.0
6082,221866.0,179674.0,0.0
6083,221866.0,179528.0,0.0
6084,221866.0,227287.0,0.0
6085,227348.0,130946.0,0.0
6086,227348.0,256270.0,0.0
6087,227348.0,130947.0,0.0
6088,227348.0,177874.0,0.0
6089,227348.0,177037.0,0.0
6090,227348.0,129738.0,0.0
6091,227348.0,254328.0,0.0
6092,227348.0,226986.0,0.0
6093,227348.0,227311.0,0.0
6094,227348.0,179674.0,0.0
6095,227348.0,179528.0,0.0
6096,227348.0,227287.0,0.0
6097,255319.0,130946.0,0.0
6098,255319.0,256270.0,0.0
6099,255319.0,130947.0,0.0
6100,255319.0,177874.0,0.0
6101,255319.0,177037.0,0.0
6102,255319.0,129738.0,0.0
6103,255319.0,254328.0,0.0
6104,255319.0,226986.0,0.0
6105,255319.0,227311.0,0.0
6106,255319.0,179674.0,0.0
6107,255319.0,179528.0,0.0
6108,255319.0,227287.0,0.0
6109,255294.0,130946.0,0.0
6110,255294.0,256270.0,0.0
6111,255294.0,130947.0,0.0
6112,255294.0,177874.0,0.0
6113,255294.0,177037.0,0.0
6114,255294.0,129738.0,0.0
6115,255294.0,254328.0,0.0
6116,255294.0,226986.0,0.0
6117,255294.0,227311.0,0.0
6118,255294.0,179674.0,0.0
6119,255294.0,179528.0,0.0
6120,255294.0,227287.0,0.0
6121,255320.0,130946.0,0.0
6122,255320.0,256270.0,0.0
6123,255320.0,130947.0,0.0
6124,255320.0,177874.0,0.0
6125,255320.0,177037.0,0.0
6126,255320.0,129738.0,0.0
6127,255320.0,254328.0,0.0
6128,255320.0,226986.0,0.0
6129,255320.0,227311.0,0.0
6130,255320.0,179674.0,0.0
6131,255320.0,179528.0,0.0
6132,255320.0,227287.0,0.0
6133,221872.0,130946.0,0.0
6134,221872.0,256270.0,0.0
6135,221872.0,130947.0,0.0
6136,221872.0,177874.0,0.0
6137,221872.0,177037.0,0.0
6138,221872.0,129738.0,0.0
6139,221872.0,254328.0,0.0
6140,221872.0,226986.0,0.0
6141,221872.0,227311.0,0.0
6142,221872.0,179674.0,0.0
6143,221872.0,179528.0,0.0
6144,221872.0,227287.0,0.0
6145,221873.0,130946.0,0.0
6146,221873.0,256270.0,0.0
6147,221873.0,130947.0,0.0
6148,221873.0,177874.0,0.0
6149,221873.0,177037.0,0.0
6150,221873.0,129738.0,0.0
6151,221873.0,254328.0,0.0
6152,221873.0,226986.0,0.0
6153,221873.0,227311.0,0.0
6154,221873.0,179674.0,0.0
6155,221873.0,179528.0,0.0
6156,221873.0,227287.0,0.0
6157,223002.0,130946.0,0.0
6158,223002.0,256270.0,0.0
6159,223002.0,130947.0,0.0
6160,223002.0,177874.0,0.0
6161,223002.0,177037.0,0.0
6162,223002.0,129738.0,0.0
6163,223002.0,254328.0,0.0
6164,223002.0,226986.0,0.0
6165,223002.0,227311.0,0.0
6166,223002.0,179674.0,0.0
6167,223002.0,179528.0,0.0
6168,223002.0,227287.0,0.0
6169,225154.0,130946.0,0.0
6170,225154.0,256270.0,0.0
6171,225154.0,130947.0,0.0
6172,225154.0,177874.0,0.0
6173,225154.0,177037.0,0.0
6174,225154.0,129738.0,0.0
6175,225154.0,254328.0,0.0
6176,225154.0,226986.0,0.0
6177,225154.0,227311.0,0.0
6178,225154.0,179674.0,0.0
6179,225154.0,179528.0,0.0
6180,225154.0,227287.0,0.0
6181,223004.0,130946.0,0.0
6182,223004.0,256270.0,0.0
6183,223004.0,130947.0,0.0
6184,223004.0,177874.0,0.0
6185,223004.0,177037.0,0.0
6186,223004.0,129738.0,0.0
6187,223004.0,254328.0,0.0
6188,223004.0,226986.0,0.0
6189,223004.0,227311.0,0.0
6190,223004.0,179674.0,0.0
6191,223004.0,179528.0,0.0
6192,223004.0,227287.0,0.0
6193,257413.0,130946.0,0.0
6194,257413.0,256270.0,0.0
6195,257413.0,130947.0,0.0
6196,257413.0,177874.0,0.0
6197,257413.0,177037.0,0.0
6198,257413.0,129738.0,0.0
6199,257413.0,254328.0,0.0
6200,257413.0,226986.0,0.0
6201,257413.0,227311.0,0.0
6202,257413.0,179674.0,0.0
6203,257413.0,179528.0,0.0
6204,257413.0,227287.0,0.0
6205,221874.0,130946.0,0.0
6206,221874.0,256270.0,0.0
6207,221874.0,130947.0,0.0
6208,221874.0,177874.0,0.0
6209,221874.0,177037.0,0.0
6210,221874.0,129738.0,0.0
6211,221874.0,254328.0,0.0
6212,221874.0,226986.0,0.0
6213,221874.0,227311.0,0.0
6214,221874.0,179674.0,0.0
6215,221874.0,179528.0,0.0
6216,221874.0,227287.0,0.0
6217,223005.0,130946.0,0.0
6218,223005.0,256270.0,0.0
6219,223005.0,130947.0,0.0
6220,223005.0,177874.0,0.0
6221,223005.0,177037.0,0.0
6222,223005.0,129738.0,0.0
6223,223005.0,254328.0,0.0
6224,223005.0,226986.0,0.0
6225,223005.0,227311.0,0.0
6226,223005.0,179674.0,0.0
6227,223005.0,179528.0,0.0
6228,223005.0,227287.0,0.0
6229,227878.0,130946.0,0.0
6230,227878.0,256270.0,0.0
6231,227878.0,130947.0,0.0
6232,227878.0,177874.0,0.0
6233,227878.0,177037.0,0.0
6234,227878.0,129738.0,0.0
6235,227878.0,254328.0,0.0
6236,227878.0,226986.0,0.0
6237,227878.0,227311.0,0.0
6238,227878.0,179674.0,0.0
6239,227878.0,179528.0,0.0
6240,227878.0,227287.0,0.0
6241,223006.0,130946.0,0.0
6242,223006.0,256270.0,0.0
6243,223006.0,130947.0,0.0
6244,223006.0,177874.0,0.0
6245,223006.0,177037.0,0.0
6246,223006.0,129738.0,0.0
6247,223006.0,254328.0,0.0
6248,223006.0,226986.0,0.0
6249,223006.0,227311.0,0.0
6250,223006.0,179674.0,0.0
6251,223006.0,179528.0,0.0
6252,223006.0,227287.0,0.0
6253,223007.0,130946.0,0.0
6254,223007.0,256270.0,0.0
6255,223007.0,130947.0,0.0
6256,223007.0,177874.0,0.0
6257,223007.0,177037.0,0.0
6258,223007.0,129738.0,0.0
6259,223007.0,254328.0,0.0
6260,223007.0,226986.0,0.0
6261,223007.0,227311.0,0.0
6262,223007.0,179674.0,0.0
6263,223007.0,179528.0,0.0
6264,223007.0,227287.0,0.0
6265,221875.0,130946.0,0.0
6266,221875.0,256270.0,0.0
6267,221875.0,130947.0,0.0
6268,221875.0,177874.0,0.0
6269,221875.0,177037.0,0.0
6270,221875.0,129738.0,0.0
6271,221875.0,254328.0,0.0
6272,221875.0,226986.0,0.0
6273,221875.0,227311.0,0.0
6274,221875.0,179674.0,0.0
6275,221875.0,179528.0,0.0
6276,221875.0,227287.0,0.0
6277,227069.0,130946.0,0.0
6278,227069.0,256270.0,0.0
6279,227069.0,130947.0,0.0
6280,227069.0,177874.0,0.0
6281,227069.0,177037.0,0.0
6282,227069.0,129738.0,0.0
6283,227069.0,254328.0,0.0
6284,227069.0,226986.0,0.0
6285,227069.0,227311.0,0.0
6286,227069.0,179674.0,0.0
6287,227069.0,179528.0,0.0
6288,227069.0,227287.0,0.0
6289,223008.0,130946.0,0.0
6290,223008.0,256270.0,0.0
6291,223008.0,130947.0,0.0
6292,223008.0,177874.0,0.0
6293,223008.0,177037.0,0.0
6294,223008.0,129738.0,0.0
6295,223008.0,254328.0,0.0
6296,223008.0,226986.0,0.0
6297,223008.0,227311.0,0.0
6298,223008.0,179674.0,0.0
6299,223008.0,179528.0,0.0
6300,223008.0,227287.0,0.0
6301,221876.0,130946.0,0.0
6302,221876.0,256270.0,0.0
6303,221876.0,130947.0,0.0
6304,221876.0,177874.0,0.0
6305,221876.0,177037.0,0.0
6306,221876.0,129738.0,0.0
6307,221876.0,254328.0,0.0
6308,221876.0,226986.0,0.0
6309,221876.0,227311.0,0.0
6310,221876.0,179674.0,0.0
6311,221876.0,179528.0,0.0
6312,221876.0,227287.0,0.0
6313,223009.0,130946.0,0.0
6314,223009.0,256270.0,0.0
6315,223009.0,130947.0,0.0
6316,223009.0,177874.0,0.0
6317,223009.0,177037.0,0.0
6318,223009.0,129738.0,0.0
6319,223009.0,254328.0,0.0
6320,223009.0,226986.0,0.0
6321,223009.0,227311.0,0.0
6322,223009.0,179674.0,0.0
6323,223009.0,179528.0,0.0
6324,223009.0,227287.0,0.0
6325,221877.0,130946.0,0.0
6326,221877.0,256270.0,0.0
6327,221877.0,130947.0,0.0
6328,221877.0,177874.0,0.0
6329,221877.0,177037.0,0.0
6330,221877.0,129738.0,0.0
6331,221877.0,254328.0,0.0
6332,221877.0,226986.0,0.0
6333,221877.0,227311.0,0.0
6334,221877.0,179674.0,0.0
6335,221877.0,179528.0,0.0
6336,221877.0,227287.0,0.0
6337,223010.0,130946.0,0.0
6338,223010.0,256270.0,0.0
6339,223010.0,130947.0,0.0
6340,223010.0,177874.0,0.0
6341,223010.0,177037.0,0.0
6342,223010.0,129738.0,0.0
6343,223010.0,254328.0,0.0
6344,223010.0,226986.0,0.0
6345,223010.0,227311.0,0.0
6346,223010.0,179674.0,0.0
6347,223010.0,179528.0,0.0
6348,223010.0,227287.0,0.0
6349,130946.0,225509.0,0.0
6350,130946.0,221834.0,0.0
6351,130946.0,221835.0,0.0
6352,130946.0,221837.0,0.0
6353,130946.0,226956.0,0.0
6354,130946.0,227346.0,0.0
6355,130946.0,221838.0,0.0
6356,130946.0,225510.0,0.0
6357,130946.0,225511.0,0.0
6358,130946.0,255827.0,0.0
6359,130946.0,221397.0,0.0
6360,130946.0,225512.0,0.0
6361,130946.0,225513.0,0.0
6362,130946.0,221398.0,0.0
6363,130946.0,257329.0,0.0
6364,130946.0,221842.0,0.0
6365,130946.0,221843.0,0.0
6366,130946.0,221844.0,0.0
6367,130946.0,254359.0,0.0
6368,130946.0,221845.0,0.0
6369,130946.0,221846.0,0.0
6370,130946.0,255115.0,0.0
6371,130946.0,255116.0,0.0
6372,130946.0,221847.0,0.0
6373,130946.0,221849.0,0.0
6374,130946.0,221851.0,0.0
6375,130946.0,254879.0,0.0
6376,130946.0,221853.0,0.0
6377,130946.0,221854.0,0.0
6378,130946.0,221856.0,0.0
6379,130946.0,222994.0,0.0
6380,130946.0,259486.0,0.0
6381,130946.0,225515.0,0.0
6382,130946.0,258174.0,0.0
6383,130946.0,258175.0,0.0
6384,130946.0,225152.0,0.0
6385,130946.0,257330.0,0.0
6386,130946.0,228324.0,0.0
6387,130946.0,227621.0,0.0
6388,130946.0,222995.0,0.0
6389,130946.0,222996.0,0.0
6390,130946.0,228129.0,0.0
6391,130946.0,222997.0,0.0
6392,130946.0,223000.0,0.0
6393,130946.0,221862.0,0.0
6394,130946.0,226742.0,0.0
6395,130946.0,222999.0,0.0
6396,130946.0,226744.0,0.0
6397,130946.0,226745.0,0.0
6398,130946.0,221865.0,0.0
6399,130946.0,221866.0,0.0
6400,130946.0,227348.0,0.0
6401,130946.0,255319.0,0.0
6402,130946.0,255294.0,0.0
6403,130946.0,255320.0,0.0
6404,130946.0,221872.0,0.0
6405,130946.0,221873.0,0.0
6406,130946.0,223002.0,0.0
6407,130946.0,225154.0,0.0
6408,130946.0,223004.0,0.0
6409,130946.0,257413.0,0.0
6410,130946.0,221874.0,0.0
6411,130946.0,223005.0,0.0
6412,130946.0,227878.0,0.0
6413,130946.0,223006.0,0.0
6414,130946.0,223007.0,0.0
6415,130946.0,221875.0,0.0
6416,130946.0,227069.0,0.0
6417,130946.0,223008.0,0.0
6418,130946.0,221876.0,0.0
6419,130946.0,223009.0,0.0
6420,130946.0,221877.0,0.0
6421,130946.0,223010.0,0.0
6422,256270.0,225509.0,0.0
6423,256270.0,221834.0,0.0
6424,256270.0,221835.0,0.0
6425,256270.0,221837.0,0.0
6426,256270.0,226956.0,0.0
6427,256270.0,227346.0,0.0
6428,256270.0,221838.0,0.0
6429,256270.0,225510.0,0.0
6430,256270.0,225511.0,0.0
6431,256270.0,255827.0,0.0
6432,256270.0,221397.0,0.0
6433,256270.0,225512.0,0.0
6434,256270.0,225513.0,0.0
6435,256270.0,221398.0,0.0
6436,256270.0,257329.0,0.0
6437,256270.0,221842.0,0.0
6438,256270.0,221843.0,0.0
6439,256270.0,221844.0,0.0
6440,256270.0,254359.0,0.0
6441,256270.0,221845.0,0.0
6442,256270.0,221846.0,0.0
6443,256270.0,255115.0,0.0
6444,256270.0,255116.0,0.0
6445,256270.0,221847.0,0.0
6446,256270.0,221849.0,0.0
6447,256270.0,221851.0,0.0
6448,256270.0,254879.0,0.0
6449,256270.0,221853.0,0.0
6450,256270.0,221854.0,0.0
6451,256270.0,221856.0,0.0
6452,256270.0,222994.0,0.0
6453,256270.0,259486.0,0.0
6454,256270.0,225515.0,0.0
6455,256270.0,258174.0,0.0
6456,256270.0,258175.0,0.0
6457,256270.0,225152.0,0.0
6458,256270.0,257330.0,0.0
6459,256270.0,228324.0,0.0
6460,256270.0,227621.0,0.0
6461,256270.0,222995.0,0.0
6462,256270.0,222996.0,0.0
6463,256270.0,228129.0,0.0
6464,256270.0,222997.0,0.0
6465,256270.0,223000.0,0.0
6466,256270.0,221862.0,0.0
6467,256270.0,226742.0,0.0
6468,256270.0,222999.0,0.0
6469,256270.0,226744.0,0.0
6470,256270.0,226745.0,0.0
6471,256270.0,221865.0,0.0
6472,256270.0,221866.0,0.0
6473,256270.0,227348.0,0.0
6474,256270.0,255319.0,0.0
6475,256270.0,255294.0,0.0
6476,256270.0,255320.0,0.0
6477,256270.0,221872.0,0.0
6478,256270.0,221873.0,0.0
6479,256270.0,223002.0,0.0
6480,256270.0,225154.0,0.0
6481,256270.0,223004.0,0.0
6482,256270.0,257413.0,0.0
6483,256270.0,221874.0,0.0
6484,256270.0,223005.0,0.0
6485,256270.0,227878.0,0.0
6486,256270.0,223006.0,0.0
6487,256270.0,223007.0,0.0
6488,256270.0,221875.0,0.0
6489,256270.0,227069.0,0.0
6490,256270.0,223008.0,0.0
6491,256270.0,221876.0,0.0
6492,256270.0,223009.0,0.0
6493,256270.0,221877.0,0.0
6494,256270.0,223010.0,0.0
6495,130947.0,225509.0,0.0
6496,130947.0,221834.0,0.0
6497,130947.0,221835.0,0.0
6498,130947.0,221837.0,0.0
6499,130947.0,226956.0,0.0
6500,130947.0,227346.0,0.0
6501,130947.0,221838.0,0.0
6502,130947.0,225510.0,0.0
6503,130947.0,225511.0,0.0
6504,130947.0,255827.0,0.0
6505,130947.0,221397.0,0.0
6506,130947.0,225512.0,0.0
6507,130947.0,225513.0,0.0
6508,130947.0,221398.0,0.0
6509,130947.0,257329.0,0.0
6510,130947.0,221842.0,0.0
6511,130947.0,221843.0,0.0
6512,130947.0,221844.0,0.0
6513,130947.0,254359.0,0.0
6514,130947.0,221845.0,0.0
6515,130947.0,221846.0,0.0
6516,130947.0,255115.0,0.0
6517,130947.0,255116.0,0.0
6518,130947.0,221847.0,0.0
6519,130947.0,221849.0,0.0
6520,130947.0,221851.0,0.0
6521,130947.0,254879.0,0.0
6522,130947.0,221853.0,0.0
6523,130947.0,221854.0,0.0
6524,130947.0,221856.0,0.0
6525,130947.0,222994.0,0.0
6526,130947.0,259486.0,0.0
6527,130947.0,225515.0,0.0
6528,130947.0,258174.0,0.0
6529,130947.0,258175.0,0.0
6530,130947.0,225152.0,0.0
6531,130947.0,257330.0,0.0
6532,130947.0,228324.0,0.0
6533,130947.0,227621.0,0.0
6534,130947.0,222995.0,0.0
6535,130947.0,222996.0,0.0
6536,130947.0,228129.0,0.0
6537,130947.0,222997.0,0.0
6538,130947.0,223000.0,0.0
6539,130947.0,221862.0,0.0
6540,130947.0,226742.0,0.0
6541,130947.0,222999.0,0.0
6542,130947.0,226744.0,0.0
6543,130947.0,226745.0,0.0
6544,130947.0,221865.0,0.0
6545,130947.0,221866.0,0.0
6546,130947.0,227348.0,0.0
6547,130947.0,255319.0,0.0
6548,130947.0,255294.0,0.0
6549,130947.0,255320.0,0.0
6550,130947.0,221872.0,0.0
6551,130947.0,221873.0,0.0
6552,130947.0,223002.0,0.0
6553,130947.0,225154.0,0.0
6554,130947.0,223004.0,0.0
6555,130947.0,257413.0,0.0
6556,130947.0,221874.0,0.0
6557,130947.0,223005.0,0.0
6558,130947.0,227878.0,0.0
6559,130947.0,223006.0,0.0
6560,130947.0,223007.0,0.0
6561,130947.0,221875.0,0.0
6562,130947.0,227069.0,0.0
6563,130947.0,223008.0,0.0
6564,130947.0,221876.0,0.0
6565,130947.0,223009.0,0.0
6566,130947.0,221877.0,0.0
6567,130947.0,223010.0,0.0
6568,177874.0,225509.0,0.0
6569,177874.0,221834.0,0.0
6570,177874.0,221835.0,0.0
6571,177874.0,221837.0,0.0
6572,177874.0,226956.0,0.0
6573,177874.0,227346.0,0.0
6574,177874.0,221838.0,0.0
6575,177874.0,225510.0,0.0
6576,177874.0,225511.0,0.0
6577,177874.0,255827.0,0.0
6578,177874.0,221397.0,0.0
6579,177874.0,225512.0,0.0
6580,177874.0,225513.0,0.0
6581,177874.0,221398.0,0.0
6582,177874.0,257329.0,0.0
6583,177874.0,221842.0,0.0
6584,177874.0,221843.0,0.0
6585,177874.0,221844.0,0.0
6586,177874.0,254359.0,0.0
6587,177874.0,221845.0,0.0
6588,177874.0,221846.0,0.0
6589,177874.0,255115.0,0.0
6590,177874.0,255116.0,0.0
6591,177874.0,221847.0,0.0
6592,177874.0,221849.0,0.0
6593,177874.0,221851.0,0.0
6594,177874.0,254879.0,0.0
6595,177874.0,221853.0,0.0
6596,177874.0,221854.0,0.0
6597,177874.0,221856.0,0.0
6598,177874.0,222994.0,0.0
6599,177874.0,259486.0,0.0
6600,177874.0,225515.0,0.0
6601,177874.0,258174.0,0.0
6602,177874.0,258175.0,0.0
6603,177874.0,225152.0,0.0
6604,177874.0,257330.0,0.0
6605,177874.0,228324.0,0.0
6606,177874.0,227621.0,0.0
6607,177874.0,222995.0,0.0
6608,177874.0,222996.0,0.0
6609,177874.0,228129.0,0.0
6610,177874.0,222997.0,0.0
6611,177874.0,223000.0,0.0
6612,177874.0,221862.0,0.0
6613,177874.0,226742.0,0.0
6614,177874.0,222999.0,0.0
6615,177874.0,226744.0,0.0
6616,177874.0,226745.0,0.0
6617,177874.0,221865.0,0.0
6618,177874.0,221866.0,0.0
6619,177874.0,227348.0,0.0
6620,177874.0,255319.0,0.0
6621,177874.0,255294.0,0.0
6622,177874.0,255320.0,0.0
6623,177874.0,221872.0,0.0
6624,177874.0,221873.0,0.0
6625,177874.0,223002.0,0.0
6626,177874.0,225154.0,0.0
6627,177874.0,223004.0,0.0
6628,177874.0,257413.0,0.0
6629,177874.0,221874.0,0.0
6630,177874.0,223005.0,0.0
6631,177874.0,227878.0,0.0
6632,177874.0,223006.0,0.0
6633,177874.0,223007.0,0.0
6634,177874.0,221875.0,0.0
6635,177874.0,227069.0,0.0
6636,177874.0,223008.0,0.0
6637,177874.0,221876.0,0.0
6638,177874.0,223009.0,0.0
6639,177874.0,221877.0,0.0
6640,177874.0,223010.0,0.0
6641,177037.0,225509.0,0.0
6642,177037.0,221834.0,0.0
6643,177037.0,221835.0,0.0
6644,177037.0,221837.0,0.0
6645,177037.0,226956.0,0.0
6646,177037.0,227346.0,0.0
6647,177037.0,221838.0,0.0
6648,177037.0,225510.0,0.0
6649,177037.0,225511.0,0.0
6650,177037.0,255827.0,0.0
6651,177037.0,221397.0,0.0
6652,177037.0,225512.0,0.0
6653,177037.0,225513.0,0.0
6654,177037.0,221398.0,0.0
6655,177037.0,257329.0,0.0
6656,177037.0,221842.0,0.0
6657,177037.0,221843.0,0.0
6658,177037.0,221844.0,0.0
6659,177037.0,254359.0,0.0
6660,177037.0,221845.0,0.0
6661,177037.0,221846.0,0.0
6662,177037.0,255115.0,0.0
6663,177037.0,255116.0,0.0
6664,177037.0,221847.0,0.0
6665,177037.0,221849.0,0.0
6666,177037.0,221851.0,0.0
6667,177037.0,254879.0,0.0
6668,177037.0,221853.0,0.0
6669,177037.0,221854.0,0.0
6670,177037.0,221856.0,0.0
6671,177037.0,222994.0,0.0
6672,177037.0,259486.0,0.0
6673,177037.0,225515.0,0.0
6674,177037.0,258174.0,0.0
6675,177037.0,258175.0,0.0
6676,177037.0,225152.0,0.0
6677,177037.0,257330.0,0.0
6678,177037.0,228324.0,0.0
6679,177037.0,227621.0,0.0
6680,177037.0,222995.0,0.0
6681,177037.0,222996.0,0.0
6682,177037.0,228129.0,0.0
6683,177037.0,222997.0,0.0
6684,177037.0,223000.0,0.0
6685,177037.0,221862.0,0.0
6686,177037.0,226742.0,0.0
6687,177037.0,222999.0,0.0
6688,177037.0,226744.0,0.0
6689,177037.0,226745.0,0.0
6690,177037.0,221865.0,0.0
6691,177037.0,221866.0,0.0
6692,177037.0,227348.0,0.0
6693,177037.0,255319.0,0.0
6694,177037.0,255294.0,0.0
6695,177037.0,255320.0,0.0
6696,177037.0,221872.0,0.0
6697,177037.0,221873.0,0.0
6698,177037.0,223002.0,0.0
6699,177037.0,225154.0,0.0
6700,177037.0,223004.0,0.0
6701,177037.0,257413.0,0.0
6702,177037.0,221874.0,0.0
6703,177037.0,223005.0,0.0
6704,177037.0,227878.0,0.0
6705,177037.0,223006.0,0.0
6706,177037.0,223007.0,0.0
6707,177037.0,221875.0,0.0
6708,177037.0,227069.0,0.0
6709,177037.0,223008.0,0.0
6710,177037.0,221876.0,0.0
6711,177037.0,223009.0,0.0
6712,177037.0,221877.0,0.0
6713,177037.0,223010.0,0.0
6714,129738.0,225509.0,0.0
6715,129738.0,221834.0,0.0
6716,129738.0,221835.0,0.0
6717,129738.0,221837.0,0.0
6718,129738.0,226956.0,0.0
6719,129738.0,227346.0,0.0
6720,129738.0,221838.0,0.0
6721,129738.0,225510.0,0.0
6722,129738.0,225511.0,0.0
6723,129738.0,255827.0,0.0
6724,129738.0,221397.0,0.0
6725,129738.0,225512.0,0.0
6726,129738.0,225513.0,0.0
6727,129738.0,221398.0,0.0
6728,129738.0,257329.0,0.0
6729,129738.0,221842.0,0.0
6730,129738.0,221843.0,0.0
6731,129738.0,221844.0,0.0
6732,129738.0,254359.0,0.0
6733,129738.0,221845.0,0.0
6734,129738.0,221846.0,0.0
6735,129738.0,255115.0,0.0
6736,129738.0,255116.0,0.0
6737,129738.0,221847.0,0.0
6738,129738.0,221849.0,0.0
6739,129738.0,221851.0,0.0
6740,129738.0,254879.0,0.0
6741,129738.0,221853.0,0.0
6742,129738.0,221854.0,0.0
6743,129738.0,221856.0,0.0
6744,129738.0,222994.0,0.0
6745,129738.0,259486.0,0.0
6746,129738.0,225515.0,0.0
6747,129738.0,258174.0,0.0
6748,129738.0,258175.0,0.0
6749,129738.0,225152.0,0.0
6750,129738.0,257330.0,0.0
6751,129738.0,228324.0,0.0
6752,129738.0,227621.0,0.0
6753,129738.0,222995.0,0.0
6754,129738.0,222996.0,0.0
6755,129738.0,228129.0,0.0
6756,129738.0,222997.0,0.0
6757,129738.0,223000.0,0.0
6758,129738.0,221862.0,0.0
6759,129738.0,226742.0,0.0
6760,129738.0,222999.0,0.0
6761,129738.0,226744.0,0.0
6762,129738.0,226745.0,0.0
6763,129738.0,221865.0,0.0
6764,129738.0,221866.0,0.0
6765,129738.0,227348.0,0.0
6766,129738.0,255319.0,0.0
6767,129738.0,255294.0,0.0
6768,129738.0,255320.0,0.0
6769,129738.0,221872.0,0.0
6770,129738.0,221873.0,0.0
6771,129738.0,223002.0,0.0
6772,129738.0,225154.0,0.0
6773,129738.0,223004.0,0.0
6774,129738.0,257413.0,0.0
6775,129738.0,221874.0,0.0
6776,129738.0,223005.0,0.0
6777,129738.0,227878.0,0.0
6778,129738.0,223006.0,0.0
6779,129738.0,223007.0,0.0
6780,129738.0,221875.0,0.0
6781,129738.0,227069.0,0.0
6782,129738.0,223008.0,0.0
6783,129738.0,221876.0,0.0
6784,129738.0,223009.0,0.0
6785,129738.0,221877.0,0.0
6786,129738.0,223010.0,0.0
6787,254328.0,225509.0,0.0
6788,254328.0,221834.0,0.0
6789,254328.0,221835.0,0.0
6790,254328.0,221837.0,0.0
6791,254328.0,226956.0,0.0
6792,254328.0,227346.0,0.0
6793,254328.0,221838.0,0.0
6794,254328.0,225510.0,0.0
6795,254328.0,225511.0,0.0
6796,254328.0,255827.0,0.0
6797,254328.0,221397.0,0.0
6798,254328.0,225512.0,0.0
6799,254328.0,225513.0,0.0
6800,254328.0,221398.0,0.0
6801,254328.0,257329.0,0.0
6802,254328.0,221842.0,0.0
6803,254328.0,221843.0,0.0
6804,254328.0,221844.0,0.0
6805,254328.0,254359.0,0.0
6806,254328.0,221845.0,0.0
6807,254328.0,221846.0,0.0
6808,254328.0,255115.0,0.0
6809,254328.0,255116.0,0.0
6810,254328.0,221847.0,0.0
6811,254328.0,221849.0,0.0
6812,254328.0,221851.0,0.0
6813,254328.0,254879.0,0.0
6814,254328.0,221853.0,0.0
6815,254328.0,221854.0,0.0
6816,254328.0,221856.0,0.0
6817,254328.0,222994.0,0.0
6818,254328.0,259486.0,0.0
6819,254328.0,225515.0,0.0
6820,254328.0,258174.0,0.0
6821,254328.0,258175.0,0.0
6822,254328.0,225152.0,0.0
6823,254328.0,257330.0,0.0
6824,254328.0,228324.0,0.0
6825,254328.0,227621.0,0.0
6826,254328.0,222995.0,0.0
6827,254328.0,222996.0,0.0
6828,254328.0,228129.0,0.0
6829,254328.0,222997.0,0.0
6830,254328.0,223000.0,0.0
6831,254328.0,221862.0,0.0
6832,254328.0,226742.0,0.0
6833,254328.0,222999.0,0.0
6834,254328.0,226744.0,0.0
6835,254328.0,226745.0,0.0
6836,254328.0,221865.0,0.0
6837,254328.0,221866.0,0.0
6838,254328.0,227348.0,0.0
6839,254328.0,255319.0,0.0
6840,254328.0,255294.0,0.0
6841,254328.0,255320.0,0.0
6842,254328.0,221872.0,0.0
6843,254328.0,221873.0,0.0
6844,254328.0,223002.0,0.0
6845,254328.0,225154.0,0.0
6846,254328.0,223004.0,0.0
6847,254328.0,257413.0,0.0
6848,254328.0,221874.0,0.0
6849,254328.0,223005.0,0.0
6850,254328.0,227878.0,0.0
6851,254328.0,223006.0,0.0
6852,254328.0,223007.0,0.0
6853,254328.0,221875.0,0.0
6854,254328.0,227069.0,0.0
6855,254328.0,223008.0,0.0
6856,254328.0,221876.0,0.0
6857,254328.0,223009.0,0.0
6858,254328.0,221877.0,0.0
6859,254328.0,223010.0,0.0
6860,226986.0,225509.0,0.0
6861,226986.0,221834.0,0.0
6862,226986.0,221835.0,0.0
6863,226986.0,221837.0,0.0
6864,226986.0,226956.0,0.0
6865,226986.0,227346.0,0.0
6866,226986.0,221838.0,0.0
6867,226986.0,225510.0,0.0
6868,226986.0,225511.0,0.0
6869,226986.0,255827.0,0.0
6870,226986.0,221397.0,0.0
6871,226986.0,225512.0,0.0
6872,226986.0,225513.0,0.0
6873,226986.0,221398.0,0.0
6874,226986.0,257329.0,0.0
6875,226986.0,221842.0,0.0
6876,226986.0,221843.0,0.0
6877,226986.0,221844.0,0.0
6878,226986.0,254359.0,0.0
6879,226986.0,221845.0,0.0
6880,226986.0,221846.0,0.0
6881,226986.0,255115.0,0.0
6882,226986.0,255116.0,0.0
6883,226986.0,221847.0,0.0
6884,226986.0,221849.0,0.0
6885,226986.0,221851.0,0.0
6886,226986.0,254879.0,0.0
6887,226986.0,221853.0,0.0
6888,226986.0,221854.0,0.0
6889,226986.0,221856.0,0.0
6890,226986.0,222994.0,0.0
6891,226986.0,259486.0,0.0
6892,226986.0,225515.0,0.0
6893,226986.0,258174.0,0.0
6894,226986.0,258175.0,0.0
6895,226986.0,225152.0,0.0
6896,226986.0,257330.0,0.0
6897,226986.0,228324.0,0.0
6898,226986.0,227621.0,0.0
6899,226986.0,222995.0,0.0
6900,226986.0,222996.0,0.0
6901,226986.0,228129.0,0.0
6902,226986.0,222997.0,0.0
6903,226986.0,223000.0,0.0
6904,226986.0,221862.0,0.0
6905,226986.0,226742.0,0.0
6906,226986.0,222999.0,0.0
6907,226986.0,226744.0,0.0
6908,226986.0,226745.0,0.0
6909,226986.0,221865.0,0.0
6910,226986.0,221866.0,0.0
6911,226986.0,227348.0,0.0
6912,226986.0,255319.0,0.0
6913,226986.0,255294.0,0.0
6914,226986.0,255320.0,0.0
6915,226986.0,221872.0,0.0
6916,226986.0,221873.0,0.0
6917,226986.0,223002.0,0.0
6918,226986.0,225154.0,0.0
6919,226986.0,223004.0,0.0
6920,226986.0,257413.0,0.0
6921,226986.0,221874.0,0.0
6922,226986.0,223005.0,0.0
6923,226986.0,227878.0,0.0
6924,226986.0,223006.0,0.0
6925,226986.0,223007.0,0.0
6926,226986.0,221875.0,0.0
6927,226986.0,227069.0,0.0
6928,226986.0,223008.0,0.0
6929,226986.0,221876.0,0.0
6930,226986.0,223009.0,0.0
6931,226986.0,221877.0,0.0
6932,226986.0,223010.0,0.0
6933,227311.0,225509.0,0.0
6934,227311.0,221834.0,0.0
6935,227311.0,221835.0,0.0
6936,227311.0,221837.0,0.0
6937,227311.0,226956.0,0.0
6938,227311.0,227346.0,0.0
6939,227311.0,221838.0,0.0
6940,227311.0,225510.0,0.0
6941,227311.0,225511.0,0.0
6942,227311.0,255827.0,0.0
6943,227311.0,221397.0,0.0
6944,227311.0,225512.0,0.0
6945,227311.0,225513.0,0.0
6946,227311.0,221398.0,0.0
6947,227311.0,257329.0,0.0
6948,227311.0,221842.0,0.0
6949,227311.0,221843.0,0.0
6950,227311.0,221844.0,0.0
6951,227311.0,254359.0,0.0
6952,227311.0,221845.0,0.0
6953,227311.0,221846.0,0.0
6954,227311.0,255115.0,0.0
6955,227311.0,255116.0,0.0
6956,227311.0,221847.0,0.0
6957,227311.0,221849.0,0.0
6958,227311.0,221851.0,0.0
6959,227311.0,254879.0,0.0
6960,227311.0,221853.0,0.0
6961,227311.0,221854.0,0.0
6962,227311.0,221856.0,0.0
6963,227311.0,222994.0,0.0
6964,227311.0,259486.0,0.0
6965,227311.0,225515.0,0.0
6966,227311.0,258174.0,0.0
6967,227311.0,258175.0,0.0
6968,227311.0,225152.0,0.0
6969,227311.0,257330.0,0.0
6970,227311.0,228324.0,0.0
6971,227311.0,227621.0,0.0
6972,227311.0,222995.0,0.0
6973,227311.0,222996.0,0.0
6974,227311.0,228129.0,0.0
6975,227311.0,222997.0,0.0
6976,227311.0,223000.0,0.0
6977,227311.0,221862.0,0.0
6978,227311.0,226742.0,0.0
6979,227311.0,222999.0,0.0
6980,227311.0,226744.0,0.0
6981,227311.0,226745.0,0.0
6982,227311.0,221865.0,0.0
6983,227311.0,221866.0,0.0
6984,227311.0,227348.0,0.0
6985,227311.0,255319.0,0.0
6986,227311.0,255294.0,0.0
6987,227311.0,255320.0,0.0
6988,227311.0,221872.0,0.0
6989,227311.0,221873.0,0.0
6990,227311.0,223002.0,0.0
6991,227311.0,225154.0,0.0
6992,227311.0,223004.0,0.0
6993,227311.0,257413.0,0.0
6994,227311.0,221874.0,0.0
6995,227311.0,223005.0,0.0
6996,227311.0,227878.0,0.0
6997,227311.0,223006.0,0.0
6998,227311.0,223007.0,0.0
6999,227311.0,221875.0,0.0
7000,227311.0,227069.0,0.0
7001,227311.0,223008.0,0.0
7002,227311.0,221876.0,0.0
7003,227311.0,223009.0,0.0
7004,227311.0,221877.0,0.0
7005,227311.0,223010.0,0.0
7006,179674.0,225509.0,0.0
7007,179674.0,221834.0,0.0
7008,179674.0,221835.0,0.0
7009,179674.0,221837.0,0.0
7010,179674.0,226956.0,0.0
7011,179674.0,227346.0,0.0
7012,179674.0,221838.0,0.0
7013,179674.0,225510.0,0.0
7014,179674.0,225511.0,0.0
7015,179674.0,255827.0,0.0
7016,179674.0,221397.0,0.0
7017,179674.0,225512.0,0.0
7018,179674.0,225513.0,0.0
7019,179674.0,221398.0,0.0
7020,179674.0,257329.0,0.0
7021,179674.0,221842.0,0.0
7022,179674.0,221843.0,0.0
7023,179674.0,221844.0,0.0
7024,179674.0,254359.0,0.0
7025,179674.0,221845.0,0.0
7026,179674.0,221846.0,0.0
7027,179674.0,255115.0,0.0
7028,179674.0,255116.0,0.0
7029,179674.0,221847.0,0.0
7030,179674.0,221849.0,0.0
7031,179674.0,221851.0,0.0
7032,179674.0,254879.0,0.0
7033,179674.0,221853.0,0.0
7034,179674.0,221854.0,0.0
7035,179674.0,221856.0,0.0
7036,179674.0,222994.0,0.0
7037,179674.0,259486.0,0.0
7038,179674.0,225515.0,0.0
7039,179674.0,258174.0,0.0
7040,179674.0,258175.0,0.0
7041,179674.0,225152.0,0.0
7042,179674.0,257330.0,0.0
7043,179674.0,228324.0,0.0
7044,179674.0,227621.0,0.0
7045,179674.0,222995.0,0.0
7046,179674.0,222996.0,0.0
7047,179674.0,228129.0,0.0
7048,179674.0,222997.0,0.0
7049,179674.0,223000.0,0.0
7050,179674.0,221862.0,0.0
7051,179674.0,226742.0,0.0
7052,179674.0,222999.0,0.0
7053,179674.0,226744.0,0.0
7054,179674.0,226745.0,0.0
7055,179674.0,221865.0,0.0
7056,179674.0,221866.0,0.0
7057,179674.0,227348.0,0.0
7058,179674.0,255319.0,0.0
7059,179674.0,255294.0,0.0
7060,179674.0,255320.0,0.0
7061,179674.0,221872.0,0.0
7062,179674.0,221873.0,0.0
7063,179674.0,223002.0,0.0
7064,179674.0,225154.0,0.0
7065,179674.0,223004.0,0.0
7066,179674.0,257413.0,0.0
7067,179674.0,221874.0,0.0
7068,179674.0,223005.0,0.0
7069,179674.0,227878.0,0.0
7070,179674.0,223006.0,0.0
7071,179674.0,223007.0,0.0
7072,179674.0,221875.0,0.0
7073,179674.0,227069.0,0.0
7074,179674.0,223008.0,0.0
7075,179674.0,221876.0,0.0
7076,179674.0,223009.0,0.0
7077,179674.0,221877.0,0.0
7078,179674.0,223010.0,0.0
7079,179528.0,225509.0,0.0
7080,179528.0,221834.0,0.0
7081,179528.0,221835.0,0.0
7082,179528.0,221837.0,0.0
7083,179528.0,226956.0,0.0
7084,179528.0,227346.0,0.0
7085,179528.0,221838.0,0.0
7086,179528.0,225510.0,0.0
7087,179528.0,225511.0,0.0
7088,179528.0,255827.0,0.0
7089,179528.0,221397.0,0.0
7090,179528.0,225512.0,0.0
7091,179528.0,225513.0,0.0
7092,179528.0,221398.0,0.0
7093,179528.0,257329.0,0.0
7094,179528.0,221842.0,0.0
7095,179528.0,221843.0,0.0
7096,179528.0,221844.0,0.0
7097,179528.0,254359.0,0.0
7098,179528.0,221845.0,0.0
7099,179528.0,221846.0,0.0
7100,179528.0,255115.0,0.0
7101,179528.0,255116.0,0.0
7102,179528.0,221847.0,0.0
7103,179528.0,221849.0,0.0
7104,179528.0,221851.0,0.0
7105,179528.0,254879.0,0.0
7106,179528.0,221853.0,0.0
7107,179528.0,221854.0,0.0
7108,179528.0,221856.0,0.0
7109,179528.0,222994.0,0.0
7110,179528.0,259486.0,0.0
7111,179528.0,225515.0,0.0
7112,179528.0,258174.0,0.0
7113,179528.0,258175.0,0.0
7114,179528.0,225152.0,0.0
7115,179528.0,257330.0,0.0
7116,179528.0,228324.0,0.0
7117,179528.0,227621.0,0.0
7118,179528.0,222995.0,0.0
7119,179528.0,222996.0,0.0
7120,179528.0,228129.0,0.0
7121,179528.0,222997.0,0.0
7122,179528.0,223000.0,0.0
7123,179528.0,221862.0,0.0
7124,179528.0,226742.0,0.0
7125,179528.0,222999.0,0.0
7126,179528.0,226744.0,0.0
7127,179528.0,226745.0,0.0
7128,179528.0,221865.0,0.0
7129,179528.0,221866.0,0.0
7130,179528.0,227348.0,0.0
7131,179528.0,255319.0,0.0
7132,179528.0,255294.0,0.0
7133,179528.0,255320.0,0.0
7134,179528.0,221872.0,0.0
7135,179528.0,221873.0,0.0
7136,179528.0,223002.0,0.0
7137,179528.0,225154.0,0.0
7138,179528.0,223004.0,0.0
7139,179528.0,257413.0,0.0
7140,179528.0,221874.0,0.0
7141,179528.0,223005.0,0.0
7142,179528.0,227878.0,0.0
7143,179528.0,223006.0,0.0
7144,179528.0,223007.0,0.0
7145,179528.0,221875.0,0.0
7146,179528.0,227069.0,0.0
7147,179528.0,223008.0,0.0
7148,179528.0,221876.0,0.0
7149,179528.0,223009.0,0.0
7150,179528.0,221877.0,0.0
7151,179528.0,223010.0,0.0
7152,227287.0,225509.0,0.0
7153,227287.0,221834.0,0.0
7154,227287.0,221835.0,0.0
7155,227287.0,221837.0,0.0
7156,227287.0,226956.0,0.0
7157,227287.0,227346.0,0.0
7158,227287.0,221838.0,0.0
7159,227287.0,225510.0,0.0
7160,227287.0,225511.0,0.0
7161,227287.0,255827.0,0.0
7162,227287.0,221397.0,0.0
7163,227287.0,225512.0,0.0
7164,227287.0,225513.0,0.0
7165,227287.0,221398.0,0.0
7166,227287.0,257329.0,0.0
7167,227287.0,221842.0,0.0
7168,227287.0,221843.0,0.0
7169,227287.0,221844.0,0.0
7170,227287.0,254359.0,0.0
7171,227287.0,221845.0,0.0
7172,227287.0,221846.0,0.0
7173,227287.0,255115.0,0.0
7174,227287.0,255116.0,0.0
7175,227287.0,221847.0,0.0
7176,227287.0,221849.0,0.0
7177,227287.0,221851.0,0.0
7178,227287.0,254879.0,0.0
7179,227287.0,221853.0,0.0
7180,227287.0,221854.0,0.0
7181,227287.0,221856.0,0.0
7182,227287.0,222994.0,0.0
7183,227287.0,259486.0,0.0
7184,227287.0,225515.0,0.0
7185,227287.0,258174.0,0.0
7186,227287.0,258175.0,0.0
7187,227287.0,225152.0,0.0
7188,227287.0,257330.0,0.0
7189,227287.0,228324.0,0.0
7190,227287.0,227621.0,0.0
7191,227287.0,222995.0,0.0
7192,227287.0,222996.0,0.0
7193,227287.0,228129.0,0.0
7194,227287.0,222997.0,0.0
7195,227287.0,223000.0,0.0
7196,227287.0,221862.0,0.0
7197,227287.0,226742.0,0.0
7198,227287.0,222999.0,0.0
7199,227287.0,226744.0,0.0
7200,227287.0,226745.0,0.0
7201,227287.0,221865.0,0.0
7202,227287.0,221866.0,0.0
7203,227287.0,227348.0,0.0
7204,227287.0,255319.0,0.0
7205,227287.0,255294.0,0.0
7206,227287.0,255320.0,0.0
7207,227287.0,221872.0,0.0
7208,227287.0,221873.0,0.0
7209,227287.0,223002.0,0.0
7210,227287.0,225154.0,0.0
7211,227287.0,223004.0,0.0
7212,227287.0,257413.0,0.0
7213,227287.0,221874.0,0.0
7214,227287.0,223005.0,0.0
7215,227287.0,227878.0,0.0
7216,227287.0,223006.0,0.0
7217,227287.0,223007.0,0.0
7218,227287.0,221875.0,0.0
7219,227287.0,227069.0,0.0
7220,227287.0,223008.0,0.0
7221,227287.0,221876.0,0.0
7222,227287.0,223009.0,0.0
7223,227287.0,221877.0,0.0
7224,227287.0,223010.0,0.0
